Star 30 red 1.98892e+30 0.026723 -0.000000 0.000018 -0.000000 
Planet 5 green 5.974e+24 149599991103.139221 20000000.000000 -5.931241 20000.000000 

Star 30 red 1.98892e+30 0.071261 0.000004 0.000036 0.000000 
Planet 5 green 5.974e+24 149599976275.037079 39999998.810580 -11.862482 19999.999207 

Star 30 red 1.98892e+30 0.133615 0.000013 0.000053 0.000000 
Planet 5 green 5.974e+24 149599955515.692841 59999995.638793 -17.793723 19999.997621 

Star 30 red 1.98892e+30 0.213784 0.000031 0.000071 0.000000 
Planet 5 green 5.974e+24 149599928825.105530 79999989.691690 -23.724966 19999.995242 

Star 30 red 1.98892e+30 0.311768 0.000060 0.000089 0.000000 
Planet 5 green 5.974e+24 149599896203.274109 99999980.176325 -29.656210 19999.992071 

Star 30 red 1.98892e+30 0.427568 0.000101 0.000107 0.000000 
Planet 5 green 5.974e+24 149599857650.197327 119999966.299748 -35.587454 19999.988106 

Star 30 red 1.98892e+30 0.561182 0.000158 0.000125 0.000000 
Planet 5 green 5.974e+24 149599813165.873810 139999947.269008 -41.518700 19999.983348 

Star 30 red 1.98892e+30 0.712613 0.000233 0.000143 0.000000 
Planet 5 green 5.974e+24 149599762750.302002 159999922.291156 -47.449948 19999.977797 

Star 30 red 1.98892e+30 0.881858 0.000329 0.000160 0.000000 
Planet 5 green 5.974e+24 149599706403.480225 179999890.573240 -53.381197 19999.971454 

Star 30 red 1.98892e+30 1.068919 0.000447 0.000178 0.000000 
Planet 5 green 5.974e+24 149599644125.406647 199999851.322305 -59.312448 19999.964317 

Star 30 red 1.98892e+30 1.273795 0.000589 0.000196 0.000000 
Planet 5 green 5.974e+24 149599575916.079285 219999803.745398 -65.243701 19999.956388 

Star 30 red 1.98892e+30 1.496487 0.000760 0.000214 0.000000 
Planet 5 green 5.974e+24 149599501775.495972 239999747.049563 -71.174956 19999.947665 

Star 30 red 1.98892e+30 1.736994 0.000960 0.000232 0.000000 
Planet 5 green 5.974e+24 149599421703.654419 259999680.441842 -77.106213 19999.938150 

Star 30 red 1.98892e+30 1.995317 0.001192 0.000249 0.000000 
Planet 5 green 5.974e+24 149599335700.552155 279999603.129276 -83.037473 19999.927842 

Star 30 red 1.98892e+30 2.271454 0.001459 0.000267 0.000000 
Planet 5 green 5.974e+24 149599243766.186615 299999514.318904 -88.968735 19999.916740 

Star 30 red 1.98892e+30 2.565407 0.001762 0.000285 0.000000 
Planet 5 green 5.974e+24 149599145900.555023 319999413.217762 -94.899999 19999.904846 

Star 30 red 1.98892e+30 2.877176 0.002105 0.000303 0.000000 
Planet 5 green 5.974e+24 149599042103.654449 339999299.032886 -100.831267 19999.892159 

Star 30 red 1.98892e+30 3.206760 0.002490 0.000321 0.000000 
Planet 5 green 5.974e+24 149598932375.481873 359999170.971307 -106.762537 19999.878679 

Star 30 red 1.98892e+30 3.554159 0.002919 0.000338 0.000000 
Planet 5 green 5.974e+24 149598816716.034058 379999028.240057 -112.693811 19999.864405 

Star 30 red 1.98892e+30 3.919374 0.003394 0.000356 0.000000 
Planet 5 green 5.974e+24 149598695125.307648 399998870.046163 -118.625088 19999.849339 

Star 30 red 1.98892e+30 4.302404 0.003918 0.000374 0.000001 
Planet 5 green 5.974e+24 149598567603.299133 419998695.596651 -124.556368 19999.833480 

Star 30 red 1.98892e+30 4.703250 0.004493 0.000392 0.000001 
Planet 5 green 5.974e+24 149598434150.004852 439998504.098542 -130.487652 19999.816828 

Star 30 red 1.98892e+30 5.121911 0.005122 0.000410 0.000001 
Planet 5 green 5.974e+24 149598294765.420959 459998294.758856 -136.418940 19999.799383 

Star 30 red 1.98892e+30 5.558388 0.005807 0.000428 0.000001 
Planet 5 green 5.974e+24 149598149449.543488 479998066.784610 -142.350232 19999.781145 

Star 30 red 1.98892e+30 6.012680 0.006550 0.000445 0.000001 
Planet 5 green 5.974e+24 149597998202.368317 499997819.382818 -148.281527 19999.762114 

Star 30 red 1.98892e+30 6.484787 0.007354 0.000463 0.000001 
Planet 5 green 5.974e+24 149597841023.891174 519997551.760490 -154.212827 19999.742290 

Star 30 red 1.98892e+30 6.974710 0.008221 0.000481 0.000001 
Planet 5 green 5.974e+24 149597677914.107635 539997263.124633 -160.144131 19999.721673 

Star 30 red 1.98892e+30 7.482449 0.009153 0.000499 0.000001 
Planet 5 green 5.974e+24 149597508873.013123 559996952.682250 -166.075440 19999.700263 

Star 30 red 1.98892e+30 8.008003 0.010153 0.000517 0.000001 
Planet 5 green 5.974e+24 149597333900.602875 579996619.640342 -172.006754 19999.678060 

Star 30 red 1.98892e+30 8.551373 0.011224 0.000534 0.000001 
Planet 5 green 5.974e+24 149597152996.872009 599996263.205905 -177.938072 19999.655064 

Star 30 red 1.98892e+30 9.112558 0.012367 0.000552 0.000001 
Planet 5 green 5.974e+24 149596966161.815521 619995882.585931 -183.869395 19999.631275 

Star 30 red 1.98892e+30 9.691559 0.013586 0.000570 0.000001 
Planet 5 green 5.974e+24 149596773395.428192 639995476.987409 -189.800723 19999.606692 

Star 30 red 1.98892e+30 10.288376 0.014881 0.000588 0.000001 
Planet 5 green 5.974e+24 149596574697.704681 659995045.617323 -195.732057 19999.581317 

Star 30 red 1.98892e+30 10.903008 0.016257 0.000606 0.000001 
Planet 5 green 5.974e+24 149596370068.639496 679994587.682654 -201.663396 19999.555149 

Star 30 red 1.98892e+30 11.535455 0.017714 0.000624 0.000001 
Planet 5 green 5.974e+24 149596159508.226959 699994102.390377 -207.594740 19999.528188 

Star 30 red 1.98892e+30 12.185719 0.019256 0.000641 0.000002 
Planet 5 green 5.974e+24 149595943016.461304 719993588.947464 -213.526091 19999.500434 

Star 30 red 1.98892e+30 12.853798 0.020886 0.000659 0.000002 
Planet 5 green 5.974e+24 149595720593.336578 739993046.560882 -219.457447 19999.471887 

Star 30 red 1.98892e+30 13.539692 0.022604 0.000677 0.000002 
Planet 5 green 5.974e+24 149595492238.846649 759992474.437593 -225.388809 19999.442547 

Star 30 red 1.98892e+30 14.243403 0.024414 0.000695 0.000002 
Planet 5 green 5.974e+24 149595257952.985291 779991871.784554 -231.320177 19999.412414 

Star 30 red 1.98892e+30 14.964929 0.026318 0.000713 0.000002 
Planet 5 green 5.974e+24 149595017735.746094 799991237.808717 -237.251552 19999.381487 

Star 30 red 1.98892e+30 15.704271 0.028319 0.000730 0.000002 
Planet 5 green 5.974e+24 149594771587.122467 819990571.717031 -243.182933 19999.349768 

Star 30 red 1.98892e+30 16.461429 0.030419 0.000748 0.000002 
Planet 5 green 5.974e+24 149594519507.107727 839989872.716437 -249.114321 19999.317256 

Star 30 red 1.98892e+30 17.236402 0.032619 0.000766 0.000002 
Planet 5 green 5.974e+24 149594261495.694977 859989140.013872 -255.045715 19999.283950 

Star 30 red 1.98892e+30 18.029191 0.034924 0.000784 0.000002 
Planet 5 green 5.974e+24 149593997552.877197 879988372.816267 -260.977117 19999.249852 

Star 30 red 1.98892e+30 18.839796 0.037334 0.000802 0.000002 
Planet 5 green 5.974e+24 149593727678.647247 899987570.330549 -266.908526 19999.214960 

Star 30 red 1.98892e+30 19.668217 0.039853 0.000820 0.000002 
Planet 5 green 5.974e+24 149593451872.997772 919986731.763637 -272.839942 19999.179275 

Star 30 red 1.98892e+30 20.514454 0.042483 0.000837 0.000003 
Planet 5 green 5.974e+24 149593170135.921326 939985856.322446 -278.771365 19999.142798 

Star 30 red 1.98892e+30 21.378507 0.045225 0.000855 0.000003 
Planet 5 green 5.974e+24 149592882467.410278 959984943.213884 -284.702796 19999.105527 

Star 30 red 1.98892e+30 22.260375 0.048083 0.000873 0.000003 
Planet 5 green 5.974e+24 149592588867.456818 979983991.644854 -290.634234 19999.067463 

Star 30 red 1.98892e+30 23.160060 0.051059 0.000891 0.000003 
Planet 5 green 5.974e+24 149592289336.053040 999983000.822251 -296.565681 19999.028606 

Star 30 red 1.98892e+30 24.077560 0.054156 0.000909 0.000003 
Planet 5 green 5.974e+24 149591983873.190857 1019981969.952965 -302.497135 19998.988956 

Star 30 red 1.98892e+30 25.012877 0.057375 0.000926 0.000003 
Planet 5 green 5.974e+24 149591672478.862000 1039980898.243881 -308.428598 19998.948513 

Star 30 red 1.98892e+30 25.966010 0.060719 0.000944 0.000003 
Planet 5 green 5.974e+24 149591355153.058105 1059979784.901873 -314.360068 19998.907276 

Star 30 red 1.98892e+30 26.936958 0.064190 0.000962 0.000003 
Planet 5 green 5.974e+24 149591031895.770630 1079978629.133814 -320.291548 19998.865247 

Star 30 red 1.98892e+30 27.925723 0.067792 0.000980 0.000004 
Planet 5 green 5.974e+24 149590702706.990875 1099977430.146566 -326.223036 19998.822424 

Star 30 red 1.98892e+30 28.932303 0.071525 0.000998 0.000004 
Planet 5 green 5.974e+24 149590367586.709991 1119976187.146985 -332.154533 19998.778808 

Star 30 red 1.98892e+30 29.956700 0.075393 0.001015 0.000004 
Planet 5 green 5.974e+24 149590026534.919006 1139974899.341922 -338.086038 19998.734399 

Star 30 red 1.98892e+30 30.998913 0.079398 0.001033 0.000004 
Planet 5 green 5.974e+24 149589679551.608734 1159973565.938217 -344.017553 19998.689197 

Star 30 red 1.98892e+30 32.058943 0.083543 0.001051 0.000004 
Planet 5 green 5.974e+24 149589326636.769897 1179972186.142707 -349.949077 19998.643202 

Star 30 red 1.98892e+30 33.136788 0.087829 0.001069 0.000004 
Planet 5 green 5.974e+24 149588967790.393005 1199970759.162218 -355.880610 19998.596414 

Star 30 red 1.98892e+30 34.232450 0.092259 0.001087 0.000004 
Planet 5 green 5.974e+24 149588603012.468475 1219969284.203570 -361.812153 19998.548832 

Star 30 red 1.98892e+30 35.345927 0.096836 0.001105 0.000005 
Planet 5 green 5.974e+24 149588232302.986542 1239967760.473576 -367.743706 19998.500457 

Star 30 red 1.98892e+30 36.477222 0.101562 0.001122 0.000005 
Planet 5 green 5.974e+24 149587855661.937286 1259966187.179040 -373.675268 19998.451289 

Star 30 red 1.98892e+30 37.626332 0.106438 0.001140 0.000005 
Planet 5 green 5.974e+24 149587473089.310669 1279964563.526758 -379.606840 19998.401328 

Star 30 red 1.98892e+30 38.793259 0.111469 0.001158 0.000005 
Planet 5 green 5.974e+24 149587084585.096436 1299962888.723520 -385.538423 19998.350574 

Star 30 red 1.98892e+30 39.978002 0.116655 0.001176 0.000005 
Planet 5 green 5.974e+24 149586690149.284241 1319961161.976105 -391.470016 19998.299026 

Star 30 red 1.98892e+30 41.180562 0.122000 0.001194 0.000005 
Planet 5 green 5.974e+24 149586289781.863556 1339959382.491285 -397.401619 19998.246686 

Star 30 red 1.98892e+30 42.400938 0.127506 0.001211 0.000005 
Planet 5 green 5.974e+24 149585883482.823700 1359957549.475825 -403.333233 19998.193552 

Star 30 red 1.98892e+30 43.639131 0.133175 0.001229 0.000006 
Planet 5 green 5.974e+24 149585471252.153870 1379955662.136478 -409.264858 19998.139624 

Star 30 red 1.98892e+30 44.895140 0.139009 0.001247 0.000006 
Planet 5 green 5.974e+24 149585053089.843048 1399953719.679991 -415.196493 19998.084904 

Star 30 red 1.98892e+30 46.168965 0.145012 0.001265 0.000006 
Planet 5 green 5.974e+24 149584628995.880127 1419951721.313103 -421.128140 19998.029390 

Star 30 red 1.98892e+30 47.460608 0.151184 0.001283 0.000006 
Planet 5 green 5.974e+24 149584198970.253815 1439949666.242541 -427.059797 19997.973083 

Star 30 red 1.98892e+30 48.770066 0.157530 0.001301 0.000006 
Planet 5 green 5.974e+24 149583763012.952698 1459947553.675025 -432.991467 19997.915983 

Star 30 red 1.98892e+30 50.097342 0.164050 0.001318 0.000006 
Planet 5 green 5.974e+24 149583321123.965149 1479945382.817266 -438.923147 19997.858089 

Star 30 red 1.98892e+30 51.442434 0.170748 0.001336 0.000007 
Planet 5 green 5.974e+24 149582873303.279449 1499943152.875965 -444.854840 19997.799402 

Star 30 red 1.98892e+30 52.805343 0.177626 0.001354 0.000007 
Planet 5 green 5.974e+24 149582419550.883698 1519940863.057813 -450.786544 19997.739922 

Star 30 red 1.98892e+30 54.186069 0.184686 0.001372 0.000007 
Planet 5 green 5.974e+24 149581959866.765869 1539938512.569494 -456.718260 19997.679648 

Star 30 red 1.98892e+30 55.584611 0.191931 0.001390 0.000007 
Planet 5 green 5.974e+24 149581494250.913757 1559936100.617679 -462.649988 19997.618582 

Star 30 red 1.98892e+30 57.000971 0.199362 0.001407 0.000007 
Planet 5 green 5.974e+24 149581022703.315002 1579933626.409031 -468.581729 19997.556721 

Star 30 red 1.98892e+30 58.435147 0.206983 0.001425 0.000008 
Planet 5 green 5.974e+24 149580545223.957092 1599931089.150203 -474.513481 19997.494068 

Star 30 red 1.98892e+30 59.887140 0.214796 0.001443 0.000008 
Planet 5 green 5.974e+24 149580061812.827393 1619928488.047838 -480.445247 19997.430621 

Star 30 red 1.98892e+30 61.356950 0.222803 0.001461 0.000008 
Planet 5 green 5.974e+24 149579572469.913086 1639925822.308569 -486.377025 19997.366381 

Star 30 red 1.98892e+30 62.844577 0.231007 0.001479 0.000008 
Planet 5 green 5.974e+24 149579077195.201202 1659923091.139018 -492.308816 19997.301347 

Star 30 red 1.98892e+30 64.350021 0.239409 0.001497 0.000008 
Planet 5 green 5.974e+24 149578575988.678650 1679920293.745796 -498.240620 19997.235520 

Star 30 red 1.98892e+30 65.873282 0.248013 0.001514 0.000009 
Planet 5 green 5.974e+24 149578068850.332153 1699917429.335507 -504.172438 19997.168900 

Star 30 red 1.98892e+30 67.414360 0.256820 0.001532 0.000009 
Planet 5 green 5.974e+24 149577555780.148315 1719914497.114740 -510.104268 19997.101486 

Star 30 red 1.98892e+30 68.973256 0.265833 0.001550 0.000009 
Planet 5 green 5.974e+24 149577036778.113556 1739911496.290075 -516.036113 19997.033279 

Star 30 red 1.98892e+30 70.549968 0.275055 0.001568 0.000009 
Planet 5 green 5.974e+24 149576511844.214142 1759908426.068082 -521.967971 19996.964278 

Star 30 red 1.98892e+30 72.144498 0.284488 0.001586 0.000009 
Planet 5 green 5.974e+24 149575980978.436218 1779905285.655319 -527.899842 19996.894484 

Star 30 red 1.98892e+30 73.756845 0.294134 0.001603 0.000010 
Planet 5 green 5.974e+24 149575444180.765747 1799902074.258333 -533.831728 19996.823897 

Star 30 red 1.98892e+30 75.387009 0.303995 0.001621 0.000010 
Planet 5 green 5.974e+24 149574901451.188538 1819898791.083659 -539.763627 19996.752516 

Star 30 red 1.98892e+30 77.034991 0.314075 0.001639 0.000010 
Planet 5 green 5.974e+24 149574352789.690277 1839895435.337821 -545.695541 19996.680341 

Star 30 red 1.98892e+30 78.700790 0.324374 0.001657 0.000010 
Planet 5 green 5.974e+24 149573798196.256470 1859892006.227334 -551.627470 19996.607373 

Star 30 red 1.98892e+30 80.384407 0.334897 0.001675 0.000010 
Planet 5 green 5.974e+24 149573237670.872498 1879888502.958697 -557.559413 19996.533612 

Star 30 red 1.98892e+30 82.085841 0.345645 0.001693 0.000011 
Planet 5 green 5.974e+24 149572671213.523560 1899884924.738400 -563.491370 19996.459057 

Star 30 red 1.98892e+30 83.805092 0.356620 0.001710 0.000011 
Planet 5 green 5.974e+24 149572098824.194702 1919881270.772920 -569.423343 19996.383709 

Star 30 red 1.98892e+30 85.542161 0.367825 0.001728 0.000011 
Planet 5 green 5.974e+24 149571520502.870850 1939877540.268723 -575.355330 19996.307567 

Star 30 red 1.98892e+30 87.297048 0.379262 0.001746 0.000011 
Planet 5 green 5.974e+24 149570936249.536774 1959873732.432263 -581.287333 19996.230631 

Star 30 red 1.98892e+30 89.069753 0.390934 0.001764 0.000012 
Planet 5 green 5.974e+24 149570346064.177063 1979869846.469980 -587.219351 19996.152902 

Star 30 red 1.98892e+30 90.860275 0.402843 0.001782 0.000012 
Planet 5 green 5.974e+24 149569749946.776154 1999865881.588303 -593.151384 19996.074380 

Star 30 red 1.98892e+30 92.668615 0.414992 0.001799 0.000012 
Planet 5 green 5.974e+24 149569147897.318359 2019861836.993649 -599.083433 19995.995063 

Star 30 red 1.98892e+30 94.494773 0.427382 0.001817 0.000012 
Planet 5 green 5.974e+24 149568539915.787811 2039857711.892420 -605.015498 19995.914954 

Star 30 red 1.98892e+30 96.338748 0.440017 0.001835 0.000013 
Planet 5 green 5.974e+24 149567926002.168518 2059853505.491007 -610.947579 19995.834050 

Star 30 red 1.98892e+30 98.200542 0.452898 0.001853 0.000013 
Planet 5 green 5.974e+24 149567306156.444336 2079849216.995789 -616.879676 19995.752353 

Star 30 red 1.98892e+30 100.080153 0.466028 0.001871 0.000013 
Planet 5 green 5.974e+24 149566680378.598938 2099844845.613129 -622.811789 19995.669863 

Star 30 red 1.98892e+30 101.977583 0.479409 0.001889 0.000013 
Planet 5 green 5.974e+24 149566048668.615845 2119840390.549381 -628.743918 19995.586578 

Star 30 red 1.98892e+30 103.892830 0.493044 0.001906 0.000014 
Planet 5 green 5.974e+24 149565411026.478455 2139835851.010882 -634.676064 19995.502500 

Star 30 red 1.98892e+30 105.825896 0.506936 0.001924 0.000014 
Planet 5 green 5.974e+24 149564767452.169983 2159831226.203957 -640.608227 19995.417629 

Star 30 red 1.98892e+30 107.776780 0.521086 0.001942 0.000014 
Planet 5 green 5.974e+24 149564117945.673523 2179826515.334918 -646.540407 19995.331964 

Star 30 red 1.98892e+30 109.745482 0.535496 0.001960 0.000014 
Planet 5 green 5.974e+24 149563462506.972015 2199821717.610063 -652.472603 19995.245505 

Star 30 red 1.98892e+30 111.732002 0.550170 0.001978 0.000015 
Planet 5 green 5.974e+24 149562801136.048218 2219816832.235676 -658.404817 19995.158252 

Star 30 red 1.98892e+30 113.736340 0.565110 0.001995 0.000015 
Planet 5 green 5.974e+24 149562133832.884735 2239811858.418027 -664.337048 19995.070206 

Star 30 red 1.98892e+30 115.758497 0.580317 0.002013 0.000015 
Planet 5 green 5.974e+24 149561460597.464081 2259806795.363372 -670.269296 19994.981365 

Star 30 red 1.98892e+30 117.798473 0.595795 0.002031 0.000015 
Planet 5 green 5.974e+24 149560781429.768524 2279801642.277955 -676.201563 19994.891732 

Star 30 red 1.98892e+30 119.856267 0.611546 0.002049 0.000016 
Planet 5 green 5.974e+24 149560096329.780273 2299796398.368001 -682.133846 19994.801304 

Star 30 red 1.98892e+30 121.931879 0.627572 0.002067 0.000016 
Planet 5 green 5.974e+24 149559405297.481323 2319791062.839726 -688.066148 19994.710082 

Star 30 red 1.98892e+30 124.025310 0.643876 0.002085 0.000016 
Planet 5 green 5.974e+24 149558708332.853516 2339785634.899328 -693.998468 19994.618067 

Star 30 red 1.98892e+30 126.136560 0.660459 0.002102 0.000016 
Planet 5 green 5.974e+24 149558005435.878571 2359780113.752992 -699.930806 19994.525258 

Star 30 red 1.98892e+30 128.265628 0.677325 0.002120 0.000017 
Planet 5 green 5.974e+24 149557296606.538055 2379774498.606886 -705.863162 19994.431655 

Star 30 red 1.98892e+30 130.412515 0.694476 0.002138 0.000017 
Planet 5 green 5.974e+24 149556581844.813354 2399768788.667167 -711.795537 19994.337259 

Star 30 red 1.98892e+30 132.577221 0.711913 0.002156 0.000017 
Planet 5 green 5.974e+24 149555861150.685730 2419762983.139973 -717.727931 19994.242068 

Star 30 red 1.98892e+30 134.759745 0.729641 0.002174 0.000018 
Planet 5 green 5.974e+24 149555134524.136292 2439757081.231429 -723.660343 19994.146084 

Star 30 red 1.98892e+30 136.960089 0.747660 0.002191 0.000018 
Planet 5 green 5.974e+24 149554401965.145966 2459751082.147645 -729.592775 19994.049305 

Star 30 red 1.98892e+30 139.178252 0.765973 0.002209 0.000018 
Planet 5 green 5.974e+24 149553663473.695557 2479744985.094714 -735.525225 19993.951733 

Star 30 red 1.98892e+30 141.414233 0.784583 0.002227 0.000018 
Planet 5 green 5.974e+24 149552919049.765686 2499738789.278715 -741.457695 19993.853367 

Star 30 red 1.98892e+30 143.668034 0.803492 0.002245 0.000019 
Planet 5 green 5.974e+24 149552168693.336853 2519732493.905712 -747.390184 19993.754207 

Star 30 red 1.98892e+30 145.939654 0.822703 0.002263 0.000019 
Planet 5 green 5.974e+24 149551412404.389404 2539726098.181750 -753.322693 19993.654253 

Star 30 red 1.98892e+30 148.229093 0.842217 0.002281 0.000019 
Planet 5 green 5.974e+24 149550650182.903534 2559719601.312862 -759.255222 19993.553505 

Star 30 red 1.98892e+30 150.536351 0.862037 0.002298 0.000020 
Planet 5 green 5.974e+24 149549882028.859253 2579713002.505063 -765.187770 19993.451963 

Star 30 red 1.98892e+30 152.861429 0.882166 0.002316 0.000020 
Planet 5 green 5.974e+24 149549107942.236450 2599706300.964352 -771.120339 19993.349627 

Star 30 red 1.98892e+30 155.204326 0.902606 0.002334 0.000020 
Planet 5 green 5.974e+24 149548327923.014832 2619699495.896711 -777.052927 19993.246497 

Star 30 red 1.98892e+30 157.565042 0.923360 0.002352 0.000021 
Planet 5 green 5.974e+24 149547541971.173981 2639692586.508108 -782.985536 19993.142573 

Star 30 red 1.98892e+30 159.943578 0.944429 0.002370 0.000021 
Planet 5 green 5.974e+24 149546750086.693329 2659685572.004492 -788.918166 19993.037855 

Star 30 red 1.98892e+30 162.339934 0.965816 0.002387 0.000021 
Planet 5 green 5.974e+24 149545952269.552124 2679678451.591797 -794.850816 19992.932343 

Star 30 red 1.98892e+30 164.754109 0.987523 0.002405 0.000022 
Planet 5 green 5.974e+24 149545148519.729523 2699671224.475940 -800.783487 19992.826037 

Star 30 red 1.98892e+30 167.186104 1.009554 0.002423 0.000022 
Planet 5 green 5.974e+24 149544338837.204468 2719663889.862820 -806.716179 19992.718937 

Star 30 red 1.98892e+30 169.635919 1.031910 0.002441 0.000022 
Planet 5 green 5.974e+24 149543523221.955750 2739656446.958320 -812.648892 19992.611043 

Star 30 red 1.98892e+30 172.103554 1.054593 0.002459 0.000023 
Planet 5 green 5.974e+24 149542701673.962067 2759648894.968306 -818.581627 19992.502354 

Star 30 red 1.98892e+30 174.589008 1.077607 0.002477 0.000023 
Planet 5 green 5.974e+24 149541874193.201904 2779641233.098626 -824.514382 19992.392872 

Star 30 red 1.98892e+30 177.092282 1.100953 0.002494 0.000023 
Planet 5 green 5.974e+24 149541040779.653625 2799633460.555112 -830.447160 19992.282595 

Star 30 red 1.98892e+30 179.613377 1.124633 0.002512 0.000024 
Planet 5 green 5.974e+24 149540201433.295410 2819625576.543577 -836.379959 19992.171524 

Star 30 red 1.98892e+30 182.152291 1.148651 0.002530 0.000024 
Planet 5 green 5.974e+24 149539356154.105316 2839617580.269817 -842.312780 19992.059659 

Star 30 red 1.98892e+30 184.709026 1.173009 0.002548 0.000024 
Planet 5 green 5.974e+24 149538504942.061249 2859609470.939611 -848.245623 19991.946999 

Star 30 red 1.98892e+30 187.283581 1.197708 0.002566 0.000025 
Planet 5 green 5.974e+24 149537647797.140961 2879601247.758718 -854.178488 19991.833546 

Star 30 red 1.98892e+30 189.875956 1.222752 0.002583 0.000025 
Planet 5 green 5.974e+24 149536784719.322052 2899592909.932882 -860.111375 19991.719298 

Star 30 red 1.98892e+30 192.486152 1.248143 0.002601 0.000025 
Planet 5 green 5.974e+24 149535915708.581940 2919584456.667827 -866.044285 19991.604256 

Star 30 red 1.98892e+30 195.114168 1.273882 0.002619 0.000026 
Planet 5 green 5.974e+24 149535040764.897919 2939575887.169259 -871.977218 19991.488420 

Star 30 red 1.98892e+30 197.760004 1.299974 0.002637 0.000026 
Planet 5 green 5.974e+24 149534159888.247131 2959567200.642865 -877.910173 19991.371789 

Star 30 red 1.98892e+30 200.423661 1.326419 0.002655 0.000026 
Planet 5 green 5.974e+24 149533273078.606537 2979558396.294314 -883.843151 19991.254364 

Star 30 red 1.98892e+30 203.105139 1.353220 0.002673 0.000027 
Planet 5 green 5.974e+24 149532380335.953003 2999549473.329258 -889.776153 19991.136145 

Star 30 red 1.98892e+30 205.804437 1.380380 0.002690 0.000027 
Planet 5 green 5.974e+24 149531481660.263184 3019540430.953329 -895.709177 19991.017131 

Star 30 red 1.98892e+30 208.521557 1.407901 0.002708 0.000027 
Planet 5 green 5.974e+24 149530577051.513611 3039531268.372139 -901.642226 19990.897323 

Star 30 red 1.98892e+30 211.256497 1.435786 0.002726 0.000028 
Planet 5 green 5.974e+24 149529666509.680664 3059521984.791282 -907.575297 19990.776720 

Star 30 red 1.98892e+30 214.009258 1.464036 0.002744 0.000028 
Planet 5 green 5.974e+24 149528750034.740540 3079512579.416333 -913.508392 19990.655323 

Star 30 red 1.98892e+30 216.779839 1.492655 0.002762 0.000028 
Planet 5 green 5.974e+24 149527827626.669342 3099503051.452849 -919.441512 19990.533132 

Star 30 red 1.98892e+30 219.568242 1.521644 0.002779 0.000029 
Planet 5 green 5.974e+24 149526899285.442963 3119493400.106365 -925.374655 19990.410146 

Star 30 red 1.98892e+30 222.374467 1.551006 0.002797 0.000029 
Planet 5 green 5.974e+24 149525965011.037170 3139483624.582399 -931.307822 19990.286366 

Star 30 red 1.98892e+30 225.198512 1.580743 0.002815 0.000030 
Planet 5 green 5.974e+24 149525024803.427551 3159473724.086447 -937.241014 19990.161791 

Star 30 red 1.98892e+30 228.040379 1.610859 0.002833 0.000030 
Planet 5 green 5.974e+24 149524078662.589600 3179463697.823988 -943.174230 19990.036422 

Star 30 red 1.98892e+30 230.900067 1.641354 0.002851 0.000030 
Planet 5 green 5.974e+24 149523126588.498596 3199453545.000479 -949.107471 19989.910258 

Star 30 red 1.98892e+30 233.777576 1.672232 0.002869 0.000031 
Planet 5 green 5.974e+24 149522168581.129730 3219443264.821357 -955.040736 19989.783300 

Star 30 red 1.98892e+30 236.672907 1.703495 0.002886 0.000031 
Planet 5 green 5.974e+24 149521204640.457977 3239432856.492041 -960.974027 19989.655547 

Star 30 red 1.98892e+30 239.586059 1.735145 0.002904 0.000031 
Planet 5 green 5.974e+24 149520234766.458160 3259422319.217927 -966.907342 19989.527000 

Star 30 red 1.98892e+30 242.517034 1.767185 0.002922 0.000032 
Planet 5 green 5.974e+24 149519258959.105011 3279411652.204394 -972.840683 19989.397658 

Star 30 red 1.98892e+30 245.465829 1.799617 0.002940 0.000032 
Planet 5 green 5.974e+24 149518277218.373077 3299400854.656796 -978.774049 19989.267521 

Star 30 red 1.98892e+30 248.432447 1.832443 0.002958 0.000033 
Planet 5 green 5.974e+24 149517289544.236725 3319389925.780472 -984.707441 19989.136589 

Star 30 red 1.98892e+30 251.416887 1.865667 0.002976 0.000033 
Planet 5 green 5.974e+24 149516295936.670197 3339378864.780735 -990.640858 19989.004863 

Star 30 red 1.98892e+30 254.419148 1.899289 0.002993 0.000033 
Planet 5 green 5.974e+24 149515296395.647583 3359367670.862879 -996.574301 19988.872343 

Star 30 red 1.98892e+30 257.439232 1.933313 0.003011 0.000034 
Planet 5 green 5.974e+24 149514290921.142822 3379356343.232180 -1002.507770 19988.739027 

Star 30 red 1.98892e+30 260.477138 1.967741 0.003029 0.000034 
Planet 5 green 5.974e+24 149513279513.129700 3399344881.093888 -1008.441265 19988.604917 

Star 30 red 1.98892e+30 263.532866 2.002576 0.003047 0.000035 
Planet 5 green 5.974e+24 149512262171.581848 3419333283.653235 -1014.374787 19988.470012 

Star 30 red 1.98892e+30 266.606416 2.037819 0.003065 0.000035 
Planet 5 green 5.974e+24 149511238896.472717 3439321550.115431 -1020.308335 19988.334312 

Star 30 red 1.98892e+30 269.697788 2.073474 0.003082 0.000035 
Planet 5 green 5.974e+24 149510209687.775665 3459309679.685664 -1026.241910 19988.197818 

Star 30 red 1.98892e+30 272.806983 2.109542 0.003100 0.000036 
Planet 5 green 5.974e+24 149509174545.463837 3479297671.569100 -1032.175511 19988.060528 

Star 30 red 1.98892e+30 275.934001 2.146026 0.003118 0.000036 
Planet 5 green 5.974e+24 149508133469.510254 3499285524.970885 -1038.109139 19987.922444 

Star 30 red 1.98892e+30 279.078841 2.182928 0.003136 0.000037 
Planet 5 green 5.974e+24 149507086459.887787 3519273239.096141 -1044.042795 19987.783565 

Star 30 red 1.98892e+30 282.241504 2.220251 0.003154 0.000037 
Planet 5 green 5.974e+24 149506033516.569153 3539260813.149971 -1049.976477 19987.643891 

Star 30 red 1.98892e+30 285.421990 2.257997 0.003172 0.000038 
Planet 5 green 5.974e+24 149504974639.526917 3559248246.337452 -1055.910187 19987.503422 

Star 30 red 1.98892e+30 288.620298 2.296169 0.003189 0.000038 
Planet 5 green 5.974e+24 149503909828.733459 3579235537.863642 -1061.843925 19987.362158 

Star 30 red 1.98892e+30 291.836429 2.334769 0.003207 0.000038 
Planet 5 green 5.974e+24 149502839084.161072 3599222686.933575 -1067.777690 19987.220099 

Star 30 red 1.98892e+30 295.070384 2.373799 0.003225 0.000039 
Planet 5 green 5.974e+24 149501762405.781830 3619209692.752263 -1073.711483 19987.077246 

Star 30 red 1.98892e+30 298.322161 2.413261 0.003243 0.000039 
Planet 5 green 5.974e+24 149500679793.567719 3639196554.524695 -1079.645304 19986.933597 

Star 30 red 1.98892e+30 301.591762 2.453159 0.003261 0.000040 
Planet 5 green 5.974e+24 149499591247.490509 3659183271.455839 -1085.579153 19986.789153 

Star 30 red 1.98892e+30 304.879186 2.493494 0.003279 0.000040 
Planet 5 green 5.974e+24 149498496767.521851 3679169842.750638 -1091.513030 19986.643914 

Star 30 red 1.98892e+30 308.184433 2.534268 0.003296 0.000041 
Planet 5 green 5.974e+24 149497396353.633240 3699156267.614013 -1097.446936 19986.497880 

Star 30 red 1.98892e+30 311.507504 2.575486 0.003314 0.000041 
Planet 5 green 5.974e+24 149496290005.796021 3719142545.250861 -1103.380870 19986.351051 

Star 30 red 1.98892e+30 314.848399 2.617147 0.003332 0.000041 
Planet 5 green 5.974e+24 149495177723.981384 3739128674.866058 -1109.314833 19986.203427 

Star 30 red 1.98892e+30 318.207117 2.659256 0.003350 0.000042 
Planet 5 green 5.974e+24 149494059508.160339 3759114655.664454 -1115.248825 19986.055008 

Star 30 red 1.98892e+30 321.583658 2.701814 0.003368 0.000042 
Planet 5 green 5.974e+24 149492935358.303802 3779100486.850877 -1121.182846 19985.905794 

Star 30 red 1.98892e+30 324.978024 2.744824 0.003385 0.000043 
Planet 5 green 5.974e+24 149491805274.382507 3799086167.630132 -1127.116896 19985.755784 

Star 30 red 1.98892e+30 328.390213 2.788288 0.003403 0.000043 
Planet 5 green 5.974e+24 149490669256.367004 3819071697.206999 -1133.050976 19985.604979 

Star 30 red 1.98892e+30 331.820226 2.832208 0.003421 0.000044 
Planet 5 green 5.974e+24 149489527304.227722 3839057074.786233 -1138.985085 19985.453379 

Star 30 red 1.98892e+30 335.268064 2.876587 0.003439 0.000044 
Planet 5 green 5.974e+24 149488379417.934967 3859042299.572569 -1144.919223 19985.300984 

Star 30 red 1.98892e+30 338.733725 2.921428 0.003457 0.000045 
Planet 5 green 5.974e+24 149487225597.458832 3879027370.770714 -1150.853392 19985.147793 

Star 30 red 1.98892e+30 342.217211 2.966733 0.003475 0.000045 
Planet 5 green 5.974e+24 149486065842.769287 3899012287.585352 -1156.787590 19984.993808 

Star 30 red 1.98892e+30 345.718521 3.012503 0.003492 0.000046 
Planet 5 green 5.974e+24 149484900153.836151 3918997049.221145 -1162.721819 19984.839026 

Star 30 red 1.98892e+30 349.237656 3.058742 0.003510 0.000046 
Planet 5 green 5.974e+24 149483728530.629089 3938981654.882726 -1168.656078 19984.683450 

Star 30 red 1.98892e+30 352.774615 3.105452 0.003528 0.000046 
Planet 5 green 5.974e+24 149482550973.117584 3958966103.774708 -1174.590367 19984.527078 

Star 30 red 1.98892e+30 356.329398 3.152635 0.003546 0.000047 
Planet 5 green 5.974e+24 149481367481.271027 3978950395.101676 -1180.524687 19984.369911 

Star 30 red 1.98892e+30 359.902007 3.200294 0.003564 0.000047 
Planet 5 green 5.974e+24 149480178055.058624 3998934528.068191 -1186.459037 19984.211948 

Star 30 red 1.98892e+30 363.492440 3.248431 0.003582 0.000048 
Planet 5 green 5.974e+24 149478982694.449402 4018918501.878790 -1192.393419 19984.053190 

Star 30 red 1.98892e+30 367.100698 3.297049 0.003599 0.000048 
Planet 5 green 5.974e+24 149477781399.412292 4038902315.737984 -1198.327831 19983.893636 

Star 30 red 1.98892e+30 370.726781 3.346149 0.003617 0.000049 
Planet 5 green 5.974e+24 149476574169.916016 4058885968.850260 -1204.262274 19983.733287 

Star 30 red 1.98892e+30 374.370689 3.395734 0.003635 0.000049 
Planet 5 green 5.974e+24 149475361005.929199 4078869460.420077 -1210.196749 19983.572142 

Star 30 red 1.98892e+30 378.032422 3.445807 0.003653 0.000050 
Planet 5 green 5.974e+24 149474141907.420258 4098852789.651871 -1216.131256 19983.410202 

Star 30 red 1.98892e+30 381.711981 3.496370 0.003671 0.000050 
Planet 5 green 5.974e+24 149472916874.357483 4118835955.750052 -1222.065794 19983.247466 

Star 30 red 1.98892e+30 385.409365 3.547425 0.003688 0.000051 
Planet 5 green 5.974e+24 149471685906.709015 4138818957.919004 -1228.000364 19983.083935 

Star 30 red 1.98892e+30 389.124574 3.598976 0.003706 0.000051 
Planet 5 green 5.974e+24 149470449004.442841 4158801795.363084 -1233.934965 19982.919608 

Star 30 red 1.98892e+30 392.857609 3.651023 0.003724 0.000052 
Planet 5 green 5.974e+24 149469206167.526794 4178784467.286625 -1239.869599 19982.754485 

Star 30 red 1.98892e+30 396.608469 3.703570 0.003742 0.000052 
Planet 5 green 5.974e+24 149467957395.928558 4198766972.893933 -1245.804265 19982.588567 

Star 30 red 1.98892e+30 400.377156 3.756619 0.003760 0.000053 
Planet 5 green 5.974e+24 149466702689.615662 4218749311.389288 -1251.738964 19982.421852 

Star 30 red 1.98892e+30 404.163668 3.810172 0.003778 0.000053 
Planet 5 green 5.974e+24 149465442048.555481 4238731481.976943 -1257.673695 19982.254343 

Star 30 red 1.98892e+30 407.968006 3.864232 0.003795 0.000054 
Planet 5 green 5.974e+24 149464175472.715210 4258713483.861125 -1263.608458 19982.086037 

Star 30 red 1.98892e+30 411.790170 3.918801 0.003813 0.000054 
Planet 5 green 5.974e+24 149462902962.061951 4278695316.246034 -1269.543255 19981.916936 

Star 30 red 1.98892e+30 415.630160 3.973881 0.003831 0.000055 
Planet 5 green 5.974e+24 149461624516.562592 4298676978.335844 -1275.478085 19981.747038 

Star 30 red 1.98892e+30 419.487977 4.029475 0.003849 0.000055 
Planet 5 green 5.974e+24 149460340136.183929 4318658469.334702 -1281.412947 19981.576345 

Star 30 red 1.98892e+30 423.363619 4.085586 0.003867 0.000056 
Planet 5 green 5.974e+24 149459049820.892548 4338639788.446729 -1287.347843 19981.404856 

Star 30 red 1.98892e+30 427.257089 4.142215 0.003885 0.000056 
Planet 5 green 5.974e+24 149457753570.654907 4358620934.876016 -1293.282773 19981.232572 

Star 30 red 1.98892e+30 431.168385 4.199366 0.003902 0.000057 
Planet 5 green 5.974e+24 149456451385.437317 4378601907.826629 -1299.217736 19981.059491 

Star 30 red 1.98892e+30 435.097507 4.257040 0.003920 0.000057 
Planet 5 green 5.974e+24 149455143265.205933 4398582706.502605 -1305.152733 19980.885614 

Star 30 red 1.98892e+30 439.044456 4.315239 0.003938 0.000058 
Planet 5 green 5.974e+24 149453829209.926758 4418563330.107957 -1311.087764 19980.710942 

Star 30 red 1.98892e+30 443.009232 4.373967 0.003956 0.000058 
Planet 5 green 5.974e+24 149452509219.565643 4438543777.846667 -1317.022829 19980.535473 

Star 30 red 1.98892e+30 446.991835 4.433226 0.003974 0.000059 
Planet 5 green 5.974e+24 149451183294.088287 4458524048.922690 -1322.957928 19980.359208 

Star 30 red 1.98892e+30 450.992265 4.493018 0.003992 0.000060 
Planet 5 green 5.974e+24 149449851433.460236 4478504142.539955 -1328.893061 19980.182148 

Star 30 red 1.98892e+30 455.010523 4.553345 0.004009 0.000060 
Planet 5 green 5.974e+24 149448513637.646851 4498484057.902361 -1334.828229 19980.004291 

Star 30 red 1.98892e+30 459.046607 4.614209 0.004027 0.000061 
Planet 5 green 5.974e+24 149447169906.613403 4518463794.213778 -1340.763432 19979.825638 

Star 30 red 1.98892e+30 463.100519 4.675614 0.004045 0.000061 
Planet 5 green 5.974e+24 149445820240.324951 4538443350.678051 -1346.698670 19979.646189 

Star 30 red 1.98892e+30 467.172258 4.737562 0.004063 0.000062 
Planet 5 green 5.974e+24 149444464638.746460 4558422726.498995 -1352.633942 19979.465944 

Star 30 red 1.98892e+30 471.261825 4.800055 0.004081 0.000062 
Planet 5 green 5.974e+24 149443103101.842682 4578401920.880395 -1358.569250 19979.284902 

Star 30 red 1.98892e+30 475.369220 4.863095 0.004098 0.000063 
Planet 5 green 5.974e+24 149441735629.578247 4598380933.026010 -1364.504593 19979.103064 

Star 30 red 1.98892e+30 479.494442 4.926684 0.004116 0.000063 
Planet 5 green 5.974e+24 149440362221.917633 4618359762.139568 -1370.439971 19978.920431 

Star 30 red 1.98892e+30 483.637493 4.990826 0.004134 0.000064 
Planet 5 green 5.974e+24 149438982878.825165 4638338407.424771 -1376.375385 19978.737000 

Star 30 red 1.98892e+30 487.798371 5.055523 0.004152 0.000064 
Planet 5 green 5.974e+24 149437597600.265015 4658316868.085290 -1382.310835 19978.552774 

Star 30 red 1.98892e+30 491.977077 5.120776 0.004170 0.000065 
Planet 5 green 5.974e+24 149436206386.201202 4678295143.324766 -1388.246321 19978.367751 

Star 30 red 1.98892e+30 496.173612 5.186589 0.004188 0.000066 
Planet 5 green 5.974e+24 149434809236.597565 4698273232.346813 -1394.181843 19978.181932 

Star 30 red 1.98892e+30 500.387975 5.252963 0.004205 0.000066 
Planet 5 green 5.974e+24 149433406151.417847 4718251134.355015 -1400.117401 19977.995316 

Star 30 red 1.98892e+30 504.620167 5.319902 0.004223 0.000067 
Planet 5 green 5.974e+24 149431997130.625580 4738228848.552925 -1406.052995 19977.807904 

Star 30 red 1.98892e+30 508.870187 5.387407 0.004241 0.000067 
Planet 5 green 5.974e+24 149430582174.184204 4758206374.144068 -1411.988626 19977.619695 

Star 30 red 1.98892e+30 513.138035 5.455481 0.004259 0.000068 
Planet 5 green 5.974e+24 149429161282.056946 4778183710.331939 -1417.924293 19977.430690 

Star 30 red 1.98892e+30 517.423713 5.524126 0.004277 0.000068 
Planet 5 green 5.974e+24 149427734454.206909 4798160856.320003 -1423.859998 19977.240889 

Star 30 red 1.98892e+30 521.727219 5.593345 0.004295 0.000069 
Planet 5 green 5.974e+24 149426301690.597046 4818137811.311694 -1429.795739 19977.050291 

Star 30 red 1.98892e+30 526.048554 5.663140 0.004312 0.000070 
Planet 5 green 5.974e+24 149424862991.190155 4838114574.510419 -1435.731518 19976.858896 

Star 30 red 1.98892e+30 530.387719 5.733513 0.004330 0.000070 
Planet 5 green 5.974e+24 149423418355.948853 4858091145.119552 -1441.667333 19976.666705 

Star 30 red 1.98892e+30 534.744712 5.804468 0.004348 0.000071 
Planet 5 green 5.974e+24 149421967784.835663 4878067522.342436 -1447.603187 19976.473717 

Star 30 red 1.98892e+30 539.119535 5.876005 0.004366 0.000071 
Planet 5 green 5.974e+24 149420511277.812897 4898043705.382386 -1453.539077 19976.279932 

Star 30 red 1.98892e+30 543.512188 5.948128 0.004384 0.000072 
Planet 5 green 5.974e+24 149419048834.842743 4918019693.442686 -1459.475006 19976.085351 

Star 30 red 1.98892e+30 547.922670 6.020840 0.004402 0.000072 
Planet 5 green 5.974e+24 149417580455.887268 4937995485.726587 -1465.410972 19975.889973 

Star 30 red 1.98892e+30 552.350982 6.094141 0.004419 0.000073 
Planet 5 green 5.974e+24 149416106140.908325 4957971081.437312 -1471.346977 19975.693798 

Star 30 red 1.98892e+30 556.797123 6.168036 0.004437 0.000074 
Planet 5 green 5.974e+24 149414625889.867615 4977946479.778051 -1477.283019 19975.496827 

Star 30 red 1.98892e+30 561.261094 6.242526 0.004455 0.000074 
Planet 5 green 5.974e+24 149413139702.726746 4997921679.951964 -1483.219100 19975.299058 

Star 30 red 1.98892e+30 565.742896 6.317613 0.004473 0.000075 
Planet 5 green 5.974e+24 149411647579.447113 5017896681.162179 -1489.155220 19975.100493 

Star 30 red 1.98892e+30 570.242527 6.393300 0.004491 0.000075 
Planet 5 green 5.974e+24 149410149519.990021 5037871482.611793 -1495.091378 19974.901131 

Star 30 red 1.98892e+30 574.759989 6.469590 0.004509 0.000076 
Planet 5 green 5.974e+24 149408645524.316559 5057846083.503871 -1501.027575 19974.700972 

Star 30 red 1.98892e+30 579.295281 6.546485 0.004526 0.000077 
Planet 5 green 5.974e+24 149407135592.387695 5077820483.041449 -1506.963811 19974.500016 

Star 30 red 1.98892e+30 583.848404 6.623986 0.004544 0.000077 
Planet 5 green 5.974e+24 149405619724.164246 5097794680.427526 -1512.900086 19974.298263 

Star 30 red 1.98892e+30 588.419357 6.702098 0.004562 0.000078 
Planet 5 green 5.974e+24 149404097919.606842 5117768674.865076 -1518.836400 19974.095713 

Star 30 red 1.98892e+30 593.008141 6.780821 0.004580 0.000078 
Planet 5 green 5.974e+24 149402570178.676025 5137742465.557035 -1524.772754 19973.892365 

Star 30 red 1.98892e+30 597.614756 6.860159 0.004598 0.000079 
Planet 5 green 5.974e+24 149401036501.332123 5157716051.706310 -1530.709147 19973.688221 

Star 30 red 1.98892e+30 602.239202 6.940113 0.004616 0.000080 
Planet 5 green 5.974e+24 149399496887.535339 5177689432.515775 -1536.645580 19973.483280 

Star 30 red 1.98892e+30 606.881479 7.020687 0.004633 0.000080 
Planet 5 green 5.974e+24 149397951337.245728 5197662607.188271 -1542.582053 19973.277542 

Star 30 red 1.98892e+30 611.541587 7.101882 0.004651 0.000081 
Planet 5 green 5.974e+24 149396399850.423157 5217635574.926607 -1548.518566 19973.071006 

Star 30 red 1.98892e+30 616.219527 7.183701 0.004669 0.000082 
Planet 5 green 5.974e+24 149394842427.027405 5237608334.933561 -1554.455119 19972.863673 

Star 30 red 1.98892e+30 620.915298 7.266147 0.004687 0.000082 
Planet 5 green 5.974e+24 149393279067.018036 5257580886.411877 -1560.391713 19972.655543 

Star 30 red 1.98892e+30 625.628900 7.349221 0.004705 0.000083 
Planet 5 green 5.974e+24 149391709770.354492 5277553228.564264 -1566.328347 19972.446616 

Star 30 red 1.98892e+30 630.360334 7.432926 0.004723 0.000083 
Planet 5 green 5.974e+24 149390134536.996063 5297525360.593402 -1572.265021 19972.236891 

Star 30 red 1.98892e+30 635.109600 7.517265 0.004740 0.000084 
Planet 5 green 5.974e+24 149388553366.901855 5317497281.701935 -1578.201737 19972.026370 

Star 30 red 1.98892e+30 639.876698 7.602240 0.004758 0.000085 
Planet 5 green 5.974e+24 149386966260.030853 5337468991.092474 -1584.138493 19971.815050 

Star 30 red 1.98892e+30 644.661628 7.687853 0.004776 0.000085 
Planet 5 green 5.974e+24 149385373216.341888 5357440487.967598 -1590.075290 19971.602933 

Star 30 red 1.98892e+30 649.464390 7.774107 0.004794 0.000086 
Planet 5 green 5.974e+24 149383774235.793640 5377411771.529851 -1596.012129 19971.390019 

Star 30 red 1.98892e+30 654.284985 7.861004 0.004812 0.000087 
Planet 5 green 5.974e+24 149382169318.344635 5397382840.981745 -1601.949009 19971.176308 

Star 30 red 1.98892e+30 659.123412 7.948546 0.004830 0.000087 
Planet 5 green 5.974e+24 149380558463.953217 5417353695.525757 -1607.885931 19970.961799 

Star 30 red 1.98892e+30 663.979671 8.036737 0.004847 0.000088 
Planet 5 green 5.974e+24 149378941672.577606 5437324334.364331 -1613.822894 19970.746492 

Star 30 red 1.98892e+30 668.853764 8.125577 0.004865 0.000089 
Planet 5 green 5.974e+24 149377318944.175842 5457294756.699877 -1619.759899 19970.530388 

Star 30 red 1.98892e+30 673.745689 8.215071 0.004883 0.000089 
Planet 5 green 5.974e+24 149375690278.705872 5477264961.734769 -1625.696946 19970.313486 

Star 30 red 1.98892e+30 678.655447 8.305219 0.004901 0.000090 
Planet 5 green 5.974e+24 149374055676.125427 5497234948.671349 -1631.634036 19970.095786 

Star 30 red 1.98892e+30 683.583038 8.396025 0.004919 0.000090 
Planet 5 green 5.974e+24 149372415136.392090 5517204716.711924 -1637.571167 19969.877289 

Star 30 red 1.98892e+30 688.528462 8.487491 0.004937 0.000091 
Planet 5 green 5.974e+24 149370768659.463348 5537174265.058765 -1643.508342 19969.657994 

Star 30 red 1.98892e+30 693.491719 8.579619 0.004954 0.000092 
Planet 5 green 5.974e+24 149369116245.296478 5557143592.914112 -1649.445558 19969.437902 

Star 30 red 1.98892e+30 698.472810 8.672412 0.004972 0.000092 
Planet 5 green 5.974e+24 149367457893.848633 5577112699.480166 -1655.382818 19969.217011 

Star 30 red 1.98892e+30 703.471735 8.765872 0.004990 0.000093 
Planet 5 green 5.974e+24 149365793605.076782 5597081583.959097 -1661.320121 19968.995323 

Star 30 red 1.98892e+30 708.488493 8.860001 0.005008 0.000094 
Planet 5 green 5.974e+24 149364123378.937805 5617050245.553036 -1667.257466 19968.772837 

Star 30 red 1.98892e+30 713.523086 8.954802 0.005026 0.000094 
Planet 5 green 5.974e+24 149362447215.388336 5637018683.464082 -1673.194855 19968.549553 

Star 30 red 1.98892e+30 718.575512 9.050278 0.005044 0.000095 
Planet 5 green 5.974e+24 149360765114.384949 5656986896.894298 -1679.132287 19968.325471 

Star 30 red 1.98892e+30 723.645772 9.146430 0.005061 0.000096 
Planet 5 green 5.974e+24 149359077075.884003 5676954885.045710 -1685.069763 19968.100591 

Star 30 red 1.98892e+30 728.733866 9.243261 0.005079 0.000096 
Planet 5 green 5.974e+24 149357383099.841736 5696922647.120311 -1691.007283 19967.874914 

Star 30 red 1.98892e+30 733.839795 9.340773 0.005097 0.000097 
Planet 5 green 5.974e+24 149355683186.214203 5716890182.320057 -1696.944846 19967.648438 

Star 30 red 1.98892e+30 738.963559 9.438970 0.005115 0.000098 
Planet 5 green 5.974e+24 149353977334.957336 5736857489.846868 -1702.882453 19967.421164 

Star 30 red 1.98892e+30 744.105157 9.537852 0.005133 0.000099 
Planet 5 green 5.974e+24 149352265546.026886 5756824568.902629 -1708.820105 19967.193092 

Star 30 red 1.98892e+30 749.264589 9.637424 0.005151 0.000099 
Planet 5 green 5.974e+24 149350547819.378510 5776791418.689188 -1714.757800 19966.964222 

Star 30 red 1.98892e+30 754.441857 9.737686 0.005168 0.000100 
Planet 5 green 5.974e+24 149348824154.967621 5796758038.408358 -1720.695541 19966.734553 

Star 30 red 1.98892e+30 759.636960 9.838642 0.005186 0.000101 
Planet 5 green 5.974e+24 149347094552.749573 5816724427.261914 -1726.633326 19966.504087 

Star 30 red 1.98892e+30 764.849898 9.940293 0.005204 0.000101 
Planet 5 green 5.974e+24 149345359012.679474 5836690584.451598 -1732.571155 19966.272822 

Star 30 red 1.98892e+30 770.080671 10.042643 0.005222 0.000102 
Planet 5 green 5.974e+24 149343617534.712372 5856656509.179111 -1738.509030 19966.040759 

Star 30 red 1.98892e+30 775.329279 10.145694 0.005240 0.000103 
Planet 5 green 5.974e+24 149341870118.803101 5876622200.646121 -1744.446949 19965.807898 

Star 30 red 1.98892e+30 780.595724 10.249447 0.005258 0.000103 
Planet 5 green 5.974e+24 149340116764.906372 5896587658.054257 -1750.384914 19965.574238 

Star 30 red 1.98892e+30 785.880003 10.353906 0.005275 0.000104 
Planet 5 green 5.974e+24 149338357472.976715 5916552880.605113 -1756.322925 19965.339780 

Star 30 red 1.98892e+30 791.182119 10.459073 0.005293 0.000105 
Planet 5 green 5.974e+24 149336592242.968506 5936517867.500244 -1762.260980 19965.104523 

Star 30 red 1.98892e+30 796.502071 10.564950 0.005311 0.000106 
Planet 5 green 5.974e+24 149334821074.835999 5956482617.941169 -1768.199082 19964.868468 

Star 30 red 1.98892e+30 801.839859 10.671540 0.005329 0.000106 
Planet 5 green 5.974e+24 149333043968.533295 5976447131.129369 -1774.137229 19964.631615 

Star 30 red 1.98892e+30 807.195483 10.778844 0.005347 0.000107 
Planet 5 green 5.974e+24 149331260924.014313 5996411406.266289 -1780.075422 19964.393963 

Star 30 red 1.98892e+30 812.568943 10.886866 0.005365 0.000108 
Planet 5 green 5.974e+24 149329471941.232849 6016375442.553335 -1786.013662 19964.155512 

Star 30 red 1.98892e+30 817.960241 10.995608 0.005382 0.000108 
Planet 5 green 5.974e+24 149327677020.142517 6036339239.191876 -1791.951947 19963.916263 

Star 30 red 1.98892e+30 823.369374 11.105072 0.005400 0.000109 
Planet 5 green 5.974e+24 149325876160.696777 6056302795.383245 -1797.890280 19963.676215 

Star 30 red 1.98892e+30 828.796345 11.215261 0.005418 0.000110 
Planet 5 green 5.974e+24 149324069362.848969 6076266110.328732 -1803.828658 19963.435369 

Star 30 red 1.98892e+30 834.241152 11.326177 0.005436 0.000111 
Planet 5 green 5.974e+24 149322256626.552277 6096229183.229595 -1809.767084 19963.193723 

Star 30 red 1.98892e+30 839.703797 11.437822 0.005454 0.000111 
Planet 5 green 5.974e+24 149320437951.759705 6116192013.287050 -1815.705556 19962.951279 

Star 30 red 1.98892e+30 845.184279 11.550199 0.005472 0.000112 
Planet 5 green 5.974e+24 149318613338.424103 6136154599.702276 -1821.644076 19962.708037 

Star 30 red 1.98892e+30 850.682598 11.663310 0.005489 0.000113 
Planet 5 green 5.974e+24 149316782786.498199 6156116941.676414 -1827.582643 19962.463995 

Star 30 red 1.98892e+30 856.198755 11.777158 0.005507 0.000113 
Planet 5 green 5.974e+24 149314946295.934540 6176079038.410563 -1833.521257 19962.219154 

Star 30 red 1.98892e+30 861.732750 11.891745 0.005525 0.000114 
Planet 5 green 5.974e+24 149313103866.685516 6196040889.105790 -1839.459918 19961.973515 

Star 30 red 1.98892e+30 867.284582 12.007073 0.005543 0.000115 
Planet 5 green 5.974e+24 149311255498.703400 6216002492.963118 -1845.398627 19961.727077 

Star 30 red 1.98892e+30 872.854252 12.123145 0.005561 0.000116 
Planet 5 green 5.974e+24 149309401191.940277 6235963849.183532 -1851.337385 19961.479839 

Star 30 red 1.98892e+30 878.441761 12.239963 0.005579 0.000116 
Planet 5 green 5.974e+24 149307540946.348114 6255924956.967978 -1857.276190 19961.231803 

Star 30 red 1.98892e+30 884.047107 12.357530 0.005596 0.000117 
Planet 5 green 5.974e+24 149305674761.878693 6275885815.517365 -1863.215043 19960.982967 

Star 30 red 1.98892e+30 889.670292 12.475848 0.005614 0.000118 
Planet 5 green 5.974e+24 149303802638.483643 6295846424.032561 -1869.153944 19960.733333 

Star 30 red 1.98892e+30 895.311316 12.594919 0.005632 0.000119 
Planet 5 green 5.974e+24 149301924576.114471 6315806781.714394 -1875.092894 19960.482899 

Star 30 red 1.98892e+30 900.970178 12.714746 0.005650 0.000119 
Planet 5 green 5.974e+24 149300040574.722504 6335766887.763652 -1881.031893 19960.231666 

Star 30 red 1.98892e+30 906.646879 12.835331 0.005668 0.000120 
Planet 5 green 5.974e+24 149298150634.258911 6355726741.381085 -1886.970940 19959.979634 

Star 30 red 1.98892e+30 912.341419 12.956677 0.005686 0.000121 
Planet 5 green 5.974e+24 149296254754.674713 6375686341.767405 -1892.910036 19959.726802 

Star 30 red 1.98892e+30 918.053798 13.078786 0.005703 0.000122 
Planet 5 green 5.974e+24 149294352935.920807 6395645688.123279 -1898.849181 19959.473171 

Star 30 red 1.98892e+30 923.784017 13.201660 0.005721 0.000122 
Planet 5 green 5.974e+24 149292445177.947906 6415604779.649337 -1904.788376 19959.218741 

Star 30 red 1.98892e+30 929.532075 13.325303 0.005739 0.000123 
Planet 5 green 5.974e+24 149290531480.706573 6435563615.546169 -1910.727619 19958.963512 

Star 30 red 1.98892e+30 935.297972 13.449715 0.005757 0.000124 
Planet 5 green 5.974e+24 149288611844.147247 6455522195.014324 -1916.666913 19958.707483 

Star 30 red 1.98892e+30 941.081709 13.574900 0.005775 0.000125 
Planet 5 green 5.974e+24 149286686268.220154 6475480517.254312 -1922.606256 19958.450654 

Star 30 red 1.98892e+30 946.883287 13.700860 0.005793 0.000126 
Planet 5 green 5.974e+24 149284754752.875427 6495438581.466599 -1928.545648 19958.193026 

Star 30 red 1.98892e+30 952.702704 13.827597 0.005810 0.000126 
Planet 5 green 5.974e+24 149282817298.063019 6515396386.851613 -1934.485091 19957.934599 

Star 30 red 1.98892e+30 958.539961 13.955115 0.005828 0.000127 
Planet 5 green 5.974e+24 149280873903.732727 6535353932.609742 -1940.424584 19957.675372 

Star 30 red 1.98892e+30 964.395059 14.083414 0.005846 0.000128 
Planet 5 green 5.974e+24 149278924569.834229 6555311217.941332 -1946.364127 19957.415345 

Star 30 red 1.98892e+30 970.267997 14.212498 0.005864 0.000129 
Planet 5 green 5.974e+24 149276969296.316986 6575268242.046686 -1952.303720 19957.154519 

Star 30 red 1.98892e+30 976.158775 14.342369 0.005882 0.000129 
Planet 5 green 5.974e+24 149275008083.130371 6595225004.126069 -1958.243365 19956.892892 

Star 30 red 1.98892e+30 982.067395 14.473030 0.005900 0.000130 
Planet 5 green 5.974e+24 149273040930.223572 6615181503.379703 -1964.183059 19956.630467 

Star 30 red 1.98892e+30 987.993855 14.604482 0.005918 0.000131 
Planet 5 green 5.974e+24 149271067837.545624 6635137739.007767 -1970.122805 19956.367241 

Star 30 red 1.98892e+30 993.938157 14.736729 0.005935 0.000132 
Planet 5 green 5.974e+24 149269088805.045410 6655093710.210402 -1976.062602 19956.103215 

Star 30 red 1.98892e+30 999.900299 14.869772 0.005953 0.000133 
Planet 5 green 5.974e+24 149267103832.671661 6675049416.187704 -1982.002450 19955.838390 

Star 30 red 1.98892e+30 1005.880284 15.003615 0.005971 0.000133 
Planet 5 green 5.974e+24 149265112920.372955 6695004856.139730 -1987.942349 19955.572765 

Star 30 red 1.98892e+30 1011.878109 15.138259 0.005989 0.000134 
Planet 5 green 5.974e+24 149263116068.097717 6714960029.266495 -1993.882300 19955.306339 

Star 30 red 1.98892e+30 1017.893777 15.273706 0.006007 0.000135 
Planet 5 green 5.974e+24 149261113275.794220 6734914934.767968 -1999.822302 19955.039114 

Star 30 red 1.98892e+30 1023.927286 15.409960 0.006025 0.000136 
Planet 5 green 5.974e+24 149259104543.410614 6754869571.844080 -2005.762357 19954.771089 

Star 30 red 1.98892e+30 1029.978637 15.547023 0.006042 0.000137 
Planet 5 green 5.974e+24 149257089870.894836 6774823939.694717 -2011.702463 19954.502263 

Star 30 red 1.98892e+30 1036.047831 15.684896 0.006060 0.000137 
Planet 5 green 5.974e+24 149255069258.194702 6794778037.519726 -2017.642621 19954.232638 

Star 30 red 1.98892e+30 1042.134867 15.823583 0.006078 0.000138 
Planet 5 green 5.974e+24 149253042705.257874 6814731864.518907 -2023.582832 19953.962212 

Star 30 red 1.98892e+30 1048.239745 15.963086 0.006096 0.000139 
Planet 5 green 5.974e+24 149251010212.031860 6834685419.892019 -2029.523095 19953.690986 

Star 30 red 1.98892e+30 1054.362466 16.103407 0.006114 0.000140 
Planet 5 green 5.974e+24 149248971778.464020 6854638702.838780 -2035.463410 19953.418960 

Star 30 red 1.98892e+30 1060.503030 16.244549 0.006132 0.000141 
Planet 5 green 5.974e+24 149246927404.501556 6874591712.558864 -2041.403778 19953.146133 

Star 30 red 1.98892e+30 1066.661436 16.386514 0.006149 0.000142 
Planet 5 green 5.974e+24 149244877090.091522 6894544448.251900 -2047.344199 19952.872506 

Star 30 red 1.98892e+30 1072.837686 16.529305 0.006167 0.000142 
Planet 5 green 5.974e+24 149242820835.180817 6914496909.117476 -2053.284674 19952.598079 

Star 30 red 1.98892e+30 1079.031779 16.672923 0.006185 0.000143 
Planet 5 green 5.974e+24 149240758639.716187 6934449094.355136 -2059.225201 19952.322852 

Star 30 red 1.98892e+30 1085.243716 16.817372 0.006203 0.000144 
Planet 5 green 5.974e+24 149238690503.644196 6954401003.164380 -2065.165782 19952.046823 

Star 30 red 1.98892e+30 1091.473496 16.962653 0.006221 0.000145 
Planet 5 green 5.974e+24 149236616426.911316 6974352634.744666 -2071.106416 19951.769995 

Star 30 red 1.98892e+30 1097.721120 17.108770 0.006239 0.000146 
Planet 5 green 5.974e+24 149234536409.463806 6994303988.295406 -2077.047104 19951.492365 

Star 30 red 1.98892e+30 1103.986588 17.255723 0.006257 0.000147 
Planet 5 green 5.974e+24 149232450451.247803 7014255063.015970 -2082.987845 19951.213935 

Star 30 red 1.98892e+30 1110.269900 17.403517 0.006274 0.000147 
Planet 5 green 5.974e+24 149230358552.209290 7034205858.105683 -2088.928641 19950.934705 

Star 30 red 1.98892e+30 1116.571056 17.552153 0.006292 0.000148 
Planet 5 green 5.974e+24 149228260712.294067 7054156372.763826 -2094.869490 19950.654674 

Star 30 red 1.98892e+30 1122.890057 17.701634 0.006310 0.000149 
Planet 5 green 5.974e+24 149226156931.447845 7074106606.189637 -2100.810394 19950.373842 

Star 30 red 1.98892e+30 1129.226902 17.851962 0.006328 0.000150 
Planet 5 green 5.974e+24 149224047209.616119 7094056557.582308 -2106.751353 19950.092209 

Star 30 red 1.98892e+30 1135.581592 18.003140 0.006346 0.000151 
Planet 5 green 5.974e+24 149221931546.744263 7114006226.140986 -2112.692365 19949.809775 

Star 30 red 1.98892e+30 1141.954127 18.155169 0.006364 0.000152 
Planet 5 green 5.974e+24 149219809942.777466 7133955611.064776 -2118.633433 19949.526541 

Star 30 red 1.98892e+30 1148.344507 18.308053 0.006381 0.000152 
Planet 5 green 5.974e+24 149217682397.660797 7153904711.552737 -2124.574555 19949.242506 

Star 30 red 1.98892e+30 1154.752732 18.461794 0.006399 0.000153 
Planet 5 green 5.974e+24 149215548911.339172 7173853526.803883 -2130.515733 19948.957669 

Star 30 red 1.98892e+30 1161.178803 18.616393 0.006417 0.000154 
Planet 5 green 5.974e+24 149213409483.757355 7193802056.017181 -2136.456966 19948.672032 

Star 30 red 1.98892e+30 1167.622719 18.771855 0.006435 0.000155 
Planet 5 green 5.974e+24 149211264114.859924 7213750298.391558 -2142.398253 19948.385594 

Star 30 red 1.98892e+30 1174.084481 18.928180 0.006453 0.000156 
Planet 5 green 5.974e+24 149209112804.591339 7233698253.125890 -2148.339597 19948.098354 

Star 30 red 1.98892e+30 1180.564089 19.085372 0.006471 0.000157 
Planet 5 green 5.974e+24 149206955552.895874 7253645919.419010 -2154.280996 19947.810313 

Star 30 red 1.98892e+30 1187.061542 19.243432 0.006489 0.000158 
Planet 5 green 5.974e+24 149204792359.717682 7273593296.469707 -2160.222451 19947.521472 

Star 30 red 1.98892e+30 1193.576843 19.402364 0.006506 0.000158 
Planet 5 green 5.974e+24 149202623225.000732 7293540383.476724 -2166.163962 19947.231829 

Star 30 red 1.98892e+30 1200.109989 19.562169 0.006524 0.000159 
Planet 5 green 5.974e+24 149200448148.688873 7313487179.638755 -2172.105528 19946.941384 

Star 30 red 1.98892e+30 1206.660982 19.722850 0.006542 0.000160 
Planet 5 green 5.974e+24 149198267130.725800 7333433684.154451 -2178.047152 19946.650139 

Star 30 red 1.98892e+30 1213.229822 19.884410 0.006560 0.000161 
Planet 5 green 5.974e+24 149196080171.055023 7353379896.222418 -2183.988831 19946.358091 

Star 30 red 1.98892e+30 1219.816509 20.046850 0.006578 0.000162 
Planet 5 green 5.974e+24 149193887269.619904 7373325815.041212 -2189.930567 19946.065243 

Star 30 red 1.98892e+30 1226.421043 20.210174 0.006596 0.000163 
Planet 5 green 5.974e+24 149191688426.363678 7393271439.809347 -2195.872360 19945.771593 

Star 30 red 1.98892e+30 1233.043424 20.374383 0.006613 0.000164 
Planet 5 green 5.974e+24 149189483641.229401 7413216769.725287 -2201.814209 19945.477142 

Star 30 red 1.98892e+30 1239.683653 20.539480 0.006631 0.000165 
Planet 5 green 5.974e+24 149187272914.160004 7433161803.987453 -2207.756116 19945.181889 

Star 30 red 1.98892e+30 1246.341729 20.705468 0.006649 0.000166 
Planet 5 green 5.974e+24 149185056245.098236 7453106541.794215 -2213.698080 19944.885834 

Star 30 red 1.98892e+30 1253.017653 20.872349 0.006667 0.000166 
Planet 5 green 5.974e+24 149182833633.986725 7473050982.343901 -2219.640101 19944.588978 

Star 30 red 1.98892e+30 1259.711425 21.040124 0.006685 0.000167 
Planet 5 green 5.974e+24 149180605080.767914 7492995124.834788 -2225.582180 19944.291320 

Star 30 red 1.98892e+30 1266.423045 21.208798 0.006703 0.000168 
Planet 5 green 5.974e+24 149178370585.384094 7512938968.465109 -2231.524316 19943.992860 

Star 30 red 1.98892e+30 1273.152514 21.378372 0.006721 0.000169 
Planet 5 green 5.974e+24 149176130147.777405 7532882512.433048 -2237.466510 19943.693599 

Star 30 red 1.98892e+30 1279.899830 21.548848 0.006738 0.000170 
Planet 5 green 5.974e+24 149173883767.889862 7552825755.936743 -2243.408762 19943.393535 

Star 30 red 1.98892e+30 1286.664996 21.720229 0.006756 0.000171 
Planet 5 green 5.974e+24 149171631445.663300 7572768698.174282 -2249.351072 19943.092670 

Star 30 red 1.98892e+30 1293.448010 21.892517 0.006774 0.000172 
Planet 5 green 5.974e+24 149169373181.039429 7592711338.343709 -2255.293440 19942.791003 

Star 30 red 1.98892e+30 1300.248874 22.065715 0.006792 0.000173 
Planet 5 green 5.974e+24 149167108973.959747 7612653675.643019 -2261.235866 19942.488534 

Star 30 red 1.98892e+30 1307.067586 22.239825 0.006810 0.000174 
Planet 5 green 5.974e+24 149164838824.365662 7632595709.270157 -2267.178352 19942.185263 

Star 30 red 1.98892e+30 1313.904148 22.414850 0.006828 0.000175 
Planet 5 green 5.974e+24 149162562732.198395 7652537438.423023 -2273.120895 19941.881189 

Star 30 red 1.98892e+30 1320.758559 22.590791 0.006845 0.000175 
Planet 5 green 5.974e+24 149160280697.399017 7672478862.299469 -2279.063498 19941.576314 

Star 30 red 1.98892e+30 1327.630820 22.767652 0.006863 0.000176 
Planet 5 green 5.974e+24 149157992719.908447 7692419980.097296 -2285.006160 19941.270637 

Star 30 red 1.98892e+30 1334.520931 22.945435 0.006881 0.000177 
Planet 5 green 5.974e+24 149155698799.667450 7712360791.014258 -2290.948881 19940.964157 

Star 30 red 1.98892e+30 1341.428892 23.124142 0.006899 0.000178 
Planet 5 green 5.974e+24 149153398936.616669 7732301294.248063 -2296.891661 19940.656875 

Star 30 red 1.98892e+30 1348.354704 23.303775 0.006917 0.000179 
Planet 5 green 5.974e+24 149151093130.696533 7752241488.996367 -2302.834500 19940.348790 

Star 30 red 1.98892e+30 1355.298365 23.484338 0.006935 0.000180 
Planet 5 green 5.974e+24 149148781381.847382 7772181374.456780 -2308.777400 19940.039904 

Star 30 red 1.98892e+30 1362.259878 23.665832 0.006953 0.000181 
Planet 5 green 5.974e+24 149146463690.009338 7792120949.826861 -2314.720359 19939.730215 

Star 30 red 1.98892e+30 1369.239241 23.848259 0.006970 0.000182 
Planet 5 green 5.974e+24 149144140055.122437 7812060214.304121 -2320.663377 19939.419723 

Star 30 red 1.98892e+30 1376.236455 24.031623 0.006988 0.000183 
Planet 5 green 5.974e+24 149141810477.126495 7831999167.086021 -2326.606456 19939.108429 

Star 30 red 1.98892e+30 1383.251520 24.215926 0.007006 0.000184 
Planet 5 green 5.974e+24 149139474955.961243 7851937807.369976 -2332.549596 19938.796332 

Star 30 red 1.98892e+30 1390.284436 24.401169 0.007024 0.000185 
Planet 5 green 5.974e+24 149137133491.566193 7871876134.353348 -2338.492795 19938.483433 

Star 30 red 1.98892e+30 1397.335204 24.587356 0.007042 0.000186 
Planet 5 green 5.974e+24 149134786083.880737 7891814147.233450 -2344.436055 19938.169731 

Star 30 red 1.98892e+30 1404.403824 24.774489 0.007060 0.000187 
Planet 5 green 5.974e+24 149132432732.844147 7911751845.207547 -2350.379376 19937.855226 

Star 30 red 1.98892e+30 1411.490296 24.962570 0.007078 0.000188 
Planet 5 green 5.974e+24 149130073438.395477 7931689227.472855 -2356.322758 19937.539919 

Star 30 red 1.98892e+30 1418.594619 25.151602 0.007095 0.000189 
Planet 5 green 5.974e+24 149127708200.473663 7951626293.226537 -2362.266201 19937.223809 

Star 30 red 1.98892e+30 1425.716795 25.341587 0.007113 0.000190 
Planet 5 green 5.974e+24 149125337019.017456 7971563041.665709 -2368.209704 19936.906896 

Star 30 red 1.98892e+30 1432.856824 25.532527 0.007131 0.000190 
Planet 5 green 5.974e+24 149122959893.965515 7991499471.987434 -2374.153269 19936.589180 

Star 30 red 1.98892e+30 1440.014704 25.724426 0.007149 0.000191 
Planet 5 green 5.974e+24 149120576825.256287 8011435583.388728 -2380.096896 19936.270661 

Star 30 red 1.98892e+30 1447.190438 25.917284 0.007167 0.000192 
Planet 5 green 5.974e+24 149118187812.828094 8031371375.066555 -2386.040584 19935.951339 

Star 30 red 1.98892e+30 1454.384025 26.111106 0.007185 0.000193 
Planet 5 green 5.974e+24 149115792856.619080 8051306846.217829 -2391.984334 19935.631214 

Star 30 red 1.98892e+30 1461.595465 26.305892 0.007203 0.000194 
Planet 5 green 5.974e+24 149113391956.567291 8071241996.039412 -2397.928146 19935.310286 

Star 30 red 1.98892e+30 1468.824758 26.501647 0.007220 0.000195 
Planet 5 green 5.974e+24 149110985112.610565 8091176823.728116 -2403.872020 19934.988554 

Star 30 red 1.98892e+30 1476.071905 26.698371 0.007238 0.000196 
Planet 5 green 5.974e+24 149108572324.686584 8111111328.480703 -2409.815956 19934.666020 

Star 30 red 1.98892e+30 1483.336905 26.896067 0.007256 0.000197 
Planet 5 green 5.974e+24 149106153592.732910 8131045509.493885 -2415.759954 19934.342682 

Star 30 red 1.98892e+30 1490.619759 27.094739 0.007274 0.000198 
Planet 5 green 5.974e+24 149103728916.686951 8150979365.964319 -2421.704015 19934.018541 

Star 30 red 1.98892e+30 1497.920468 27.294387 0.007292 0.000199 
Planet 5 green 5.974e+24 149101298296.485931 8170912897.088614 -2427.648139 19933.693597 

Star 30 red 1.98892e+30 1505.239031 27.495016 0.007310 0.000200 
Planet 5 green 5.974e+24 149098861732.066956 8190846102.063328 -2433.592326 19933.367849 

Star 30 red 1.98892e+30 1512.575448 27.696626 0.007327 0.000201 
Planet 5 green 5.974e+24 149096419223.366943 8210778980.084965 -2439.536575 19933.041297 

Star 30 red 1.98892e+30 1519.929720 27.899221 0.007345 0.000202 
Planet 5 green 5.974e+24 149093970770.322693 8230711530.349978 -2445.480888 19932.713942 

Star 30 red 1.98892e+30 1527.301846 28.102802 0.007363 0.000203 
Planet 5 green 5.974e+24 149091516372.870819 8250643752.054770 -2451.425264 19932.385784 

Star 30 red 1.98892e+30 1534.691828 28.307373 0.007381 0.000204 
Planet 5 green 5.974e+24 149089056030.947815 8270575644.395691 -2457.369703 19932.056822 

Star 30 red 1.98892e+30 1542.099665 28.512936 0.007399 0.000205 
Planet 5 green 5.974e+24 149086589744.489990 8290507206.569037 -2463.314206 19931.727056 

Star 30 red 1.98892e+30 1549.525358 28.719492 0.007417 0.000206 
Planet 5 green 5.974e+24 149084117513.433502 8310438437.771056 -2469.258773 19931.396487 

Star 30 red 1.98892e+30 1556.968906 28.927046 0.007435 0.000207 
Planet 5 green 5.974e+24 149081639337.714386 8330369337.197941 -2475.203404 19931.065114 

Star 30 red 1.98892e+30 1564.430310 29.135598 0.007452 0.000208 
Planet 5 green 5.974e+24 149079155217.268494 8350299904.045832 -2481.148099 19930.732936 

Star 30 red 1.98892e+30 1571.909570 29.345151 0.007470 0.000209 
Planet 5 green 5.974e+24 149076665152.031525 8370230137.510818 -2487.092857 19930.399955 

Star 30 red 1.98892e+30 1579.406686 29.555709 0.007488 0.000210 
Planet 5 green 5.974e+24 149074169141.939056 8390160036.788935 -2493.037681 19930.066171 

Star 30 red 1.98892e+30 1586.921659 29.767272 0.007506 0.000211 
Planet 5 green 5.974e+24 149071667186.926453 8410089601.076166 -2498.982569 19929.731582 

Star 30 red 1.98892e+30 1594.454488 29.979844 0.007524 0.000212 
Planet 5 green 5.974e+24 149069159286.928986 8430018829.568442 -2504.927521 19929.396189 

Star 30 red 1.98892e+30 1602.005174 30.193428 0.007542 0.000213 
Planet 5 green 5.974e+24 149066645441.881744 8449947721.461640 -2510.872539 19929.059992 

Star 30 red 1.98892e+30 1609.573717 30.408024 0.007560 0.000214 
Planet 5 green 5.974e+24 149064125651.719696 8469876275.951585 -2516.817621 19928.722991 

Star 30 red 1.98892e+30 1617.160117 30.623637 0.007577 0.000215 
Planet 5 green 5.974e+24 149061599916.377594 8489804492.234045 -2522.762768 19928.385185 

Star 30 red 1.98892e+30 1624.764374 30.840267 0.007595 0.000216 
Planet 5 green 5.974e+24 149059068235.790070 8509732369.504739 -2528.707981 19928.046576 

Star 30 red 1.98892e+30 1632.386489 31.057919 0.007613 0.000217 
Planet 5 green 5.974e+24 149056530609.891632 8529659906.959331 -2534.653259 19927.707162 

Star 30 red 1.98892e+30 1640.026462 31.276593 0.007631 0.000218 
Planet 5 green 5.974e+24 149053987038.616577 8549587103.793429 -2540.598603 19927.366943 

Star 30 red 1.98892e+30 1647.684293 31.496293 0.007649 0.000219 
Planet 5 green 5.974e+24 149051437521.899078 8569513959.202592 -2546.544013 19927.025921 

Star 30 red 1.98892e+30 1655.359982 31.717021 0.007667 0.000220 
Planet 5 green 5.974e+24 149048882059.673187 8589440472.382320 -2552.489488 19926.684093 

Star 30 red 1.98892e+30 1663.053529 31.938780 0.007685 0.000221 
Planet 5 green 5.974e+24 149046320651.872742 8609366642.528063 -2558.435030 19926.341462 

Star 30 red 1.98892e+30 1670.764935 32.161571 0.007702 0.000222 
Planet 5 green 5.974e+24 149043753298.431458 8629292468.835215 -2564.380637 19925.998025 

Star 30 red 1.98892e+30 1678.494200 32.385397 0.007720 0.000223 
Planet 5 green 5.974e+24 149041179999.282898 8649217950.499113 -2570.326312 19925.653784 

Star 30 red 1.98892e+30 1686.241324 32.610261 0.007738 0.000224 
Planet 5 green 5.974e+24 149038600754.360474 8669143086.715046 -2576.272052 19925.308739 

Star 30 red 1.98892e+30 1694.006306 32.836165 0.007756 0.000225 
Planet 5 green 5.974e+24 149036015563.597412 8689067876.678242 -2582.217859 19924.962888 

Star 30 red 1.98892e+30 1701.789149 33.063111 0.007774 0.000226 
Planet 5 green 5.974e+24 149033424426.926849 8708992319.583878 -2588.163734 19924.616233 

Star 30 red 1.98892e+30 1709.589850 33.291102 0.007792 0.000227 
Planet 5 green 5.974e+24 149030827344.281708 8728916414.627075 -2594.109675 19924.268773 

Star 30 red 1.98892e+30 1717.408412 33.520141 0.007810 0.000229 
Planet 5 green 5.974e+24 149028224315.594788 8748840161.002899 -2600.055683 19923.920508 

Star 30 red 1.98892e+30 1725.244833 33.750229 0.007827 0.000230 
Planet 5 green 5.974e+24 149025615340.798706 8768763557.906361 -2606.001758 19923.571438 

Star 30 red 1.98892e+30 1733.099115 33.981369 0.007845 0.000231 
Planet 5 green 5.974e+24 149023000419.825958 8788686604.532415 -2611.947901 19923.221564 

Star 30 red 1.98892e+30 1740.971257 34.213564 0.007863 0.000232 
Planet 5 green 5.974e+24 149020379552.608887 8808609300.075966 -2617.894112 19922.870884 

Star 30 red 1.98892e+30 1748.861260 34.446816 0.007881 0.000233 
Planet 5 green 5.974e+24 149017752739.079651 8828531643.731855 -2623.840390 19922.519398 

Star 30 red 1.98892e+30 1756.769123 34.681127 0.007899 0.000234 
Planet 5 green 5.974e+24 149015119979.170288 8848453634.694872 -2629.786736 19922.167108 

Star 30 red 1.98892e+30 1764.694848 34.916499 0.007917 0.000235 
Planet 5 green 5.974e+24 149012481272.812653 8868375272.159752 -2635.733151 19921.814013 

Star 30 red 1.98892e+30 1772.638433 35.152937 0.007935 0.000236 
Planet 5 green 5.974e+24 149009836619.938477 8888296555.321171 -2641.679633 19921.460112 

Star 30 red 1.98892e+30 1780.599880 35.390440 0.007953 0.000237 
Planet 5 green 5.974e+24 149007186020.479309 8908217483.373751 -2647.626184 19921.105406 

Star 30 red 1.98892e+30 1788.579189 35.629013 0.007970 0.000238 
Planet 5 green 5.974e+24 149004529474.366577 8928138055.512058 -2653.572803 19920.749894 

Star 30 red 1.98892e+30 1796.576359 35.868657 0.007988 0.000239 
Planet 5 green 5.974e+24 149001866981.531525 8948058270.930603 -2659.519491 19920.393577 

Star 30 red 1.98892e+30 1804.591392 36.109375 0.008006 0.000240 
Planet 5 green 5.974e+24 148999198541.905243 8967978128.823837 -2665.466248 19920.036455 

Star 30 red 1.98892e+30 1812.624286 36.351169 0.008024 0.000241 
Planet 5 green 5.974e+24 148996524155.418701 8987897628.386156 -2671.413074 19919.678526 

Star 30 red 1.98892e+30 1820.675043 36.594043 0.008042 0.000242 
Planet 5 green 5.974e+24 148993843822.002686 9007816768.811901 -2677.359969 19919.319793 

Star 30 red 1.98892e+30 1828.743663 36.837997 0.008060 0.000243 
Planet 5 green 5.974e+24 148991157541.587830 9027735549.295355 -2683.306933 19918.960253 

Star 30 red 1.98892e+30 1836.830146 37.083035 0.008078 0.000244 
Planet 5 green 5.974e+24 148988465314.104645 9047653969.030743 -2689.253966 19918.599908 

Star 30 red 1.98892e+30 1844.934491 37.329158 0.008095 0.000246 
Planet 5 green 5.974e+24 148985767139.483429 9067572027.212234 -2695.201070 19918.238757 

Star 30 red 1.98892e+30 1853.056700 37.576370 0.008113 0.000247 
Planet 5 green 5.974e+24 148983063017.654388 9087489723.033943 -2701.148243 19917.876800 

Star 30 red 1.98892e+30 1861.196773 37.824673 0.008131 0.000248 
Planet 5 green 5.974e+24 148980352948.547516 9107407055.689920 -2707.095485 19917.514037 

Star 30 red 1.98892e+30 1869.354709 38.074070 0.008149 0.000249 
Planet 5 green 5.974e+24 148977636932.092712 9127324024.374166 -2713.042798 19917.150469 

Star 30 red 1.98892e+30 1877.530509 38.324561 0.008167 0.000250 
Planet 5 green 5.974e+24 148974914968.219696 9147240628.280619 -2718.990181 19916.786094 

Star 30 red 1.98892e+30 1885.724173 38.576151 0.008185 0.000251 
Planet 5 green 5.974e+24 148972187056.858032 9167156866.603161 -2724.937635 19916.420913 

Star 30 red 1.98892e+30 1893.935702 38.828842 0.008203 0.000252 
Planet 5 green 5.974e+24 148969453197.937134 9187072738.535616 -2730.885159 19916.054926 

Star 30 red 1.98892e+30 1902.165095 39.082635 0.008220 0.000253 
Planet 5 green 5.974e+24 148966713391.386261 9206988243.271751 -2736.832754 19915.688133 

Star 30 red 1.98892e+30 1910.412352 39.337534 0.008238 0.000254 
Planet 5 green 5.974e+24 148963967637.134491 9226903380.005274 -2742.780419 19915.320533 

Star 30 red 1.98892e+30 1918.677475 39.593540 0.008256 0.000255 
Planet 5 green 5.974e+24 148961215935.110809 9246818147.929834 -2748.728155 19914.952127 

Star 30 red 1.98892e+30 1926.960463 39.850657 0.008274 0.000257 
Planet 5 green 5.974e+24 148958458285.243988 9266732546.239023 -2754.675963 19914.582915 

Star 30 red 1.98892e+30 1935.261316 40.108886 0.008292 0.000258 
Planet 5 green 5.974e+24 148955694687.462677 9286646574.126375 -2760.623842 19914.212897 

Star 30 red 1.98892e+30 1943.580035 40.368231 0.008310 0.000259 
Planet 5 green 5.974e+24 148952925141.695374 9306560230.785364 -2766.571792 19913.842072 

Star 30 red 1.98892e+30 1951.916620 40.628692 0.008328 0.000260 
Planet 5 green 5.974e+24 148950149647.870392 9326473515.409405 -2772.519814 19913.470440 

Star 30 red 1.98892e+30 1960.271071 40.890274 0.008346 0.000261 
Planet 5 green 5.974e+24 148947368205.915924 9346386427.191856 -2778.467908 19913.098002 

Star 30 red 1.98892e+30 1968.643388 41.152978 0.008363 0.000262 
Planet 5 green 5.974e+24 148944580815.760010 9366298965.326015 -2784.416073 19912.724757 

Star 30 red 1.98892e+30 1977.033571 41.416807 0.008381 0.000263 
Planet 5 green 5.974e+24 148941787477.330505 9386211129.005121 -2790.364311 19912.350705 

Star 30 red 1.98892e+30 1985.441621 41.681763 0.008399 0.000264 
Planet 5 green 5.974e+24 148938988190.555145 9406122917.422354 -2796.312620 19911.975846 

Star 30 red 1.98892e+30 1993.867538 41.947848 0.008417 0.000266 
Planet 5 green 5.974e+24 148936182955.361481 9426034329.770834 -2802.261003 19911.600181 

Star 30 red 1.98892e+30 2002.311323 42.215065 0.008435 0.000267 
Planet 5 green 5.974e+24 148933371771.676941 9445945365.243622 -2808.209457 19911.223709 

Star 30 red 1.98892e+30 2010.772974 42.483417 0.008453 0.000268 
Planet 5 green 5.974e+24 148930554639.428802 9465856023.033720 -2814.157985 19910.846430 

Star 30 red 1.98892e+30 2019.252493 42.752906 0.008471 0.000269 
Planet 5 green 5.974e+24 148927731558.544128 9485766302.334068 -2820.106585 19910.468343 

Star 30 red 1.98892e+30 2027.749880 43.023534 0.008488 0.000270 
Planet 5 green 5.974e+24 148924902528.949890 9505676202.337549 -2826.055258 19910.089450 

Star 30 red 1.98892e+30 2036.265135 43.295304 0.008506 0.000271 
Planet 5 green 5.974e+24 148922067550.572906 9525585722.236984 -2832.004004 19909.709750 

Star 30 red 1.98892e+30 2044.798258 43.568217 0.008524 0.000272 
Planet 5 green 5.974e+24 148919226623.339783 9545494861.225136 -2837.952823 19909.329242 

Star 30 red 1.98892e+30 2053.349250 43.842278 0.008542 0.000273 
Planet 5 green 5.974e+24 148916379747.177032 9565403618.494703 -2843.901716 19908.947927 

Star 30 red 1.98892e+30 2061.918110 44.117487 0.008560 0.000275 
Planet 5 green 5.974e+24 148913526922.010986 9585311993.238329 -2849.850683 19908.565805 

Star 30 red 1.98892e+30 2070.504839 44.393848 0.008578 0.000276 
Planet 5 green 5.974e+24 148910668147.767822 9605219984.648592 -2855.799723 19908.182875 

Star 30 red 1.98892e+30 2079.109438 44.671362 0.008596 0.000277 
Planet 5 green 5.974e+24 148907803424.373596 9625127591.918013 -2861.748837 19907.799138 

Star 30 red 1.98892e+30 2087.731905 44.950033 0.008614 0.000278 
Planet 5 green 5.974e+24 148904932751.754150 9645034814.239050 -2867.698025 19907.414593 

Star 30 red 1.98892e+30 2096.372242 45.229862 0.008631 0.000279 
Planet 5 green 5.974e+24 148902056129.835205 9664941650.804102 -2873.647288 19907.029241 

Star 30 red 1.98892e+30 2105.030449 45.510853 0.008649 0.000280 
Planet 5 green 5.974e+24 148899173558.542358 9684848100.805506 -2879.596624 19906.643081 

Star 30 red 1.98892e+30 2113.706526 45.793007 0.008667 0.000282 
Planet 5 green 5.974e+24 148896285037.800995 9704754163.435537 -2885.546036 19906.256114 

Star 30 red 1.98892e+30 2122.400473 46.076327 0.008685 0.000283 
Planet 5 green 5.974e+24 148893390567.536377 9724659837.886410 -2891.495522 19905.868339 

Star 30 red 1.98892e+30 2131.112291 46.360815 0.008703 0.000284 
Planet 5 green 5.974e+24 148890490147.673615 9744565123.350277 -2897.445082 19905.479755 

Star 30 red 1.98892e+30 2139.841979 46.646475 0.008721 0.000285 
Planet 5 green 5.974e+24 148887583778.137665 9764470019.019230 -2903.394718 19905.090364 

Star 30 red 1.98892e+30 2148.589538 46.933307 0.008739 0.000286 
Planet 5 green 5.974e+24 148884671458.853333 9784374524.085299 -2909.344429 19904.700166 

Star 30 red 1.98892e+30 2157.354969 47.221315 0.008756 0.000287 
Planet 5 green 5.974e+24 148881753189.745270 9804278637.740452 -2915.294215 19904.309159 

Star 30 red 1.98892e+30 2166.138270 47.510501 0.008774 0.000289 
Planet 5 green 5.974e+24 148878828970.737946 9824182359.176596 -2921.244077 19903.917344 

Star 30 red 1.98892e+30 2174.939444 47.800868 0.008792 0.000290 
Planet 5 green 5.974e+24 148875898801.755707 9844085687.585573 -2927.194014 19903.524721 

Star 30 red 1.98892e+30 2183.758489 48.092418 0.008810 0.000291 
Planet 5 green 5.974e+24 148872962682.722717 9863988622.159164 -2933.144027 19903.131289 

Star 30 red 1.98892e+30 2192.595406 48.385153 0.008828 0.000292 
Planet 5 green 5.974e+24 148870020613.563019 9883891162.089090 -2939.094115 19902.737050 

Star 30 red 1.98892e+30 2201.450195 48.679075 0.008846 0.000293 
Planet 5 green 5.974e+24 148867072594.200500 9903793306.567009 -2945.044280 19902.342002 

Star 30 red 1.98892e+30 2210.322857 48.974188 0.008864 0.000295 
Planet 5 green 5.974e+24 148864118624.558868 9923695054.784513 -2950.994521 19901.946146 

Star 30 red 1.98892e+30 2219.213392 49.270494 0.008882 0.000296 
Planet 5 green 5.974e+24 148861158704.561676 9943596405.933134 -2956.944839 19901.549481 

Star 30 red 1.98892e+30 2228.121799 49.567995 0.008899 0.000297 
Planet 5 green 5.974e+24 148858192834.132355 9963497359.204340 -2962.895232 19901.152008 

Star 30 red 1.98892e+30 2237.048080 49.866693 0.008917 0.000298 
Planet 5 green 5.974e+24 148855221013.194153 9983397913.789537 -2968.845703 19900.753726 

Star 30 red 1.98892e+30 2245.992234 50.166591 0.008935 0.000299 
Planet 5 green 5.974e+24 148852243241.670197 10003298068.880070 -2974.796250 19900.354636 

Star 30 red 1.98892e+30 2254.954262 50.467692 0.008953 0.000300 
Planet 5 green 5.974e+24 148849259519.483398 10023197823.667215 -2980.746875 19899.954737 

Star 30 red 1.98892e+30 2263.934164 50.769997 0.008971 0.000302 
Planet 5 green 5.974e+24 148846269846.556580 10043097177.342190 -2986.697576 19899.554029 

Star 30 red 1.98892e+30 2272.931939 51.073510 0.008989 0.000303 
Planet 5 green 5.974e+24 148843274222.812378 10062996129.096146 -2992.648355 19899.152512 

Star 30 red 1.98892e+30 2281.947590 51.378232 0.009007 0.000304 
Planet 5 green 5.974e+24 148840272648.173309 10082894678.120173 -2998.599211 19898.750187 

Star 30 red 1.98892e+30 2290.981114 51.684166 0.009025 0.000305 
Planet 5 green 5.974e+24 148837265122.561676 10102792823.605295 -3004.550145 19898.347052 

Star 30 red 1.98892e+30 2300.032514 51.991315 0.009042 0.000307 
Planet 5 green 5.974e+24 148834251645.899689 10122690564.742474 -3010.501156 19897.943109 

Star 30 red 1.98892e+30 2309.101788 52.299681 0.009060 0.000308 
Planet 5 green 5.974e+24 148831232218.109344 10142587900.722605 -3016.452246 19897.538356 

Star 30 red 1.98892e+30 2318.188938 52.609266 0.009078 0.000309 
Planet 5 green 5.974e+24 148828206839.112518 10162484830.736523 -3022.403413 19897.132795 

Star 30 red 1.98892e+30 2327.293964 52.920073 0.009096 0.000310 
Planet 5 green 5.974e+24 148825175508.830963 10182381353.974995 -3028.354659 19896.726424 

Star 30 red 1.98892e+30 2336.416865 53.232104 0.009114 0.000311 
Planet 5 green 5.974e+24 148822138227.186218 10202277469.628725 -3034.305983 19896.319244 

Star 30 red 1.98892e+30 2345.557642 53.545362 0.009132 0.000313 
Planet 5 green 5.974e+24 148819094994.099701 10222173176.888355 -3040.257385 19895.911254 

Star 30 red 1.98892e+30 2354.716295 53.859849 0.009150 0.000314 
Planet 5 green 5.974e+24 148816045809.492645 10242068474.944458 -3046.208866 19895.502456 

Star 30 red 1.98892e+30 2363.892825 54.175567 0.009168 0.000315 
Planet 5 green 5.974e+24 148812990673.286194 10261963362.987543 -3052.160426 19895.092847 

Star 30 red 1.98892e+30 2373.087232 54.492520 0.009185 0.000316 
Planet 5 green 5.974e+24 148809929585.401276 10281857840.208057 -3058.112065 19894.682429 

Star 30 red 1.98892e+30 2382.299515 54.810709 0.009203 0.000318 
Planet 5 green 5.974e+24 148806862545.758667 10301751905.796379 -3064.063784 19894.271202 

Star 30 red 1.98892e+30 2391.529676 55.130136 0.009221 0.000319 
Planet 5 green 5.974e+24 148803789554.279053 10321645558.942825 -3070.015581 19893.859165 

Star 30 red 1.98892e+30 2400.777714 55.450805 0.009239 0.000320 
Planet 5 green 5.974e+24 148800710610.882874 10341538798.837645 -3075.967458 19893.446318 

Star 30 red 1.98892e+30 2410.043630 55.772718 0.009257 0.000321 
Planet 5 green 5.974e+24 148797625715.490509 10361431624.671021 -3081.919414 19893.032662 

Star 30 red 1.98892e+30 2419.327423 56.095877 0.009275 0.000323 
Planet 5 green 5.974e+24 148794534868.022095 10381324035.633070 -3087.871450 19892.618195 

Star 30 red 1.98892e+30 2428.629095 56.420284 0.009293 0.000324 
Planet 5 green 5.974e+24 148791438068.397675 10401216030.913847 -3093.823566 19892.202919 

Star 30 red 1.98892e+30 2437.948645 56.745942 0.009311 0.000325 
Planet 5 green 5.974e+24 148788335316.537140 10421107609.703339 -3099.775762 19891.786833 

Star 30 red 1.98892e+30 2447.286074 57.072854 0.009328 0.000326 
Planet 5 green 5.974e+24 148785226612.360168 10440998771.191465 -3105.728039 19891.369936 

Star 30 red 1.98892e+30 2456.641381 57.401022 0.009346 0.000328 
Planet 5 green 5.974e+24 148782111955.786346 10460889514.568083 -3111.680395 19890.952230 

Star 30 red 1.98892e+30 2466.014568 57.730448 0.009364 0.000329 
Planet 5 green 5.974e+24 148778991346.735077 10480779839.022978 -3117.632833 19890.533713 

Star 30 red 1.98892e+30 2475.405634 58.061134 0.009382 0.000330 
Planet 5 green 5.974e+24 148775864785.125610 10500669743.745874 -3123.585351 19890.114386 

Star 30 red 1.98892e+30 2484.814580 58.393084 0.009400 0.000331 
Planet 5 green 5.974e+24 148772732270.877075 10520559227.926426 -3129.537949 19889.694249 

Star 30 red 1.98892e+30 2494.241405 58.726299 0.009418 0.000333 
Planet 5 green 5.974e+24 148769593803.908386 10540448290.754223 -3135.490629 19889.273302 

Star 30 red 1.98892e+30 2503.686111 59.060783 0.009436 0.000334 
Planet 5 green 5.974e+24 148766449384.138336 10560336931.418787 -3141.443390 19888.851544 

Star 30 red 1.98892e+30 2513.148696 59.396536 0.009454 0.000335 
Planet 5 green 5.974e+24 148763299011.485565 10580225149.109571 -3147.396232 19888.428975 

Star 30 red 1.98892e+30 2522.629163 59.733563 0.009472 0.000336 
Planet 5 green 5.974e+24 148760142685.868561 10600112943.015966 -3153.349155 19888.005596 

Star 30 red 1.98892e+30 2532.127510 60.071865 0.009489 0.000338 
Planet 5 green 5.974e+24 148756980407.205658 10620000312.327293 -3159.302160 19887.581406 

Star 30 red 1.98892e+30 2541.643738 60.411445 0.009507 0.000339 
Planet 5 green 5.974e+24 148753812175.415039 10639887256.232803 -3165.255247 19887.156406 

Star 30 red 1.98892e+30 2551.177848 60.752305 0.009525 0.000340 
Planet 5 green 5.974e+24 148750637990.414703 10659773773.921684 -3171.208416 19886.730595 

Star 30 red 1.98892e+30 2560.729839 61.094448 0.009543 0.000342 
Planet 5 green 5.974e+24 148747457852.122528 10679659864.583055 -3177.161667 19886.303972 

Star 30 red 1.98892e+30 2570.299712 61.437875 0.009561 0.000343 
Planet 5 green 5.974e+24 148744271760.456238 10699545527.405968 -3183.115000 19885.876539 

Star 30 red 1.98892e+30 2579.887467 61.782591 0.009579 0.000344 
Planet 5 green 5.974e+24 148741079715.333374 10719430761.579403 -3189.068415 19885.448295 

Star 30 red 1.98892e+30 2589.493104 62.128596 0.009597 0.000345 
Planet 5 green 5.974e+24 148737881716.671356 10739315566.292276 -3195.021913 19885.019240 

Star 30 red 1.98892e+30 2599.116624 62.475893 0.009615 0.000347 
Planet 5 green 5.974e+24 148734677764.387421 10759199940.733437 -3200.975494 19884.589374 

Star 30 red 1.98892e+30 2608.758026 62.824486 0.009632 0.000348 
Planet 5 green 5.974e+24 148731467858.398682 10779083884.091661 -3206.929157 19884.158697 

Star 30 red 1.98892e+30 2618.417312 63.174376 0.009650 0.000349 
Planet 5 green 5.974e+24 148728251998.622070 10798967395.555660 -3212.882903 19883.727208 

Star 30 red 1.98892e+30 2628.094481 63.525565 0.009668 0.000351 
Planet 5 green 5.974e+24 148725030184.974365 10818850474.314077 -3218.836733 19883.294908 

Star 30 red 1.98892e+30 2637.789533 63.878056 0.009686 0.000352 
Planet 5 green 5.974e+24 148721802417.372223 10838733119.555485 -3224.790646 19882.861797 

Star 30 red 1.98892e+30 2647.502470 64.231852 0.009704 0.000353 
Planet 5 green 5.974e+24 148718568695.732117 10858615330.468388 -3230.744642 19882.427874 

Star 30 red 1.98892e+30 2657.233290 64.586955 0.009722 0.000354 
Planet 5 green 5.974e+24 148715329019.970367 10878497106.241220 -3236.698722 19881.993140 

Star 30 red 1.98892e+30 2666.981994 64.943368 0.009740 0.000356 
Planet 5 green 5.974e+24 148712083390.003143 10898378446.062351 -3242.652885 19881.557594 

Star 30 red 1.98892e+30 2676.748583 65.301092 0.009758 0.000357 
Planet 5 green 5.974e+24 148708831805.746460 10918259349.120077 -3248.607133 19881.121237 

Star 30 red 1.98892e+30 2686.533057 65.660131 0.009776 0.000358 
Planet 5 green 5.974e+24 148705574267.116180 10938139814.602627 -3254.561465 19880.684067 

Star 30 red 1.98892e+30 2696.335416 66.020486 0.009793 0.000360 
Planet 5 green 5.974e+24 148702310774.027985 10958019841.698158 -3260.515880 19880.246086 

Star 30 red 1.98892e+30 2706.155660 66.382161 0.009811 0.000361 
Planet 5 green 5.974e+24 148699041326.397461 10977899429.594763 -3266.470380 19879.807293 

Star 30 red 1.98892e+30 2715.993790 66.745157 0.009829 0.000362 
Planet 5 green 5.974e+24 148695765924.140015 10997778577.480459 -3272.424965 19879.367688 

Star 30 red 1.98892e+30 2725.849806 67.109478 0.009847 0.000364 
Planet 5 green 5.974e+24 148692484567.170868 11017657284.543198 -3278.379634 19878.927271 

Star 30 red 1.98892e+30 2735.723707 67.475124 0.009865 0.000365 
Planet 5 green 5.974e+24 148689197255.405121 11037535549.970858 -3284.334389 19878.486042 

Star 30 red 1.98892e+30 2745.615495 67.842100 0.009883 0.000366 
Planet 5 green 5.974e+24 148685903988.757721 11057413372.951248 -3290.289228 19878.044001 

Star 30 red 1.98892e+30 2755.525170 68.210407 0.009901 0.000368 
Planet 5 green 5.974e+24 148682604767.143433 11077290752.672110 -3296.244152 19877.601148 

Star 30 red 1.98892e+30 2765.452731 68.580048 0.009919 0.000369 
Planet 5 green 5.974e+24 148679299590.476898 11097167688.321112 -3302.199162 19877.157482 

Star 30 red 1.98892e+30 2775.398180 68.951026 0.009937 0.000370 
Planet 5 green 5.974e+24 148675988458.672577 11117044179.085854 -3308.154257 19876.713004 

Star 30 red 1.98892e+30 2785.361516 69.323342 0.009954 0.000372 
Planet 5 green 5.974e+24 148672671371.644806 11136920224.153864 -3314.109437 19876.267713 

Star 30 red 1.98892e+30 2795.342739 69.696999 0.009972 0.000373 
Planet 5 green 5.974e+24 148669348329.307739 11156795822.712601 -3320.064704 19875.821610 

Star 30 red 1.98892e+30 2805.341850 70.072000 0.009990 0.000374 
Planet 5 green 5.974e+24 148666019331.575378 11176670973.949450 -3326.020056 19875.374695 

Star 30 red 1.98892e+30 2815.358850 70.448346 0.010008 0.000376 
Planet 5 green 5.974e+24 148662684378.361603 11196545677.051727 -3331.975495 19874.926966 

Star 30 red 1.98892e+30 2825.393738 70.826042 0.010026 0.000377 
Planet 5 green 5.974e+24 148659343469.580109 11216419931.206678 -3337.931019 19874.478425 

Star 30 red 1.98892e+30 2835.446514 71.205088 0.010044 0.000378 
Planet 5 green 5.974e+24 148655996605.144440 11236293735.601475 -3343.886630 19874.029072 

Star 30 red 1.98892e+30 2845.517179 71.585487 0.010062 0.000380 
Planet 5 green 5.974e+24 148652643784.967987 11256167089.423220 -3349.842328 19873.578905 

Star 30 red 1.98892e+30 2855.605734 71.967243 0.010080 0.000381 
Planet 5 green 5.974e+24 148649285008.963989 11276039991.858944 -3355.798112 19873.127926 

Star 30 red 1.98892e+30 2865.712178 72.350356 0.010097 0.000382 
Planet 5 green 5.974e+24 148645920277.045532 11295912442.095606 -3361.753983 19872.676133 

Star 30 red 1.98892e+30 2875.836512 72.734831 0.010115 0.000384 
Planet 5 green 5.974e+24 148642549589.125549 11315784439.320093 -3367.709941 19872.223527 

Star 30 red 1.98892e+30 2885.978735 73.120668 0.010133 0.000385 
Planet 5 green 5.974e+24 148639172945.116791 11335655982.719221 -3373.665986 19871.770109 

Star 30 red 1.98892e+30 2896.138849 73.507871 0.010151 0.000387 
Planet 5 green 5.974e+24 148635790344.931915 11355527071.479733 -3379.622119 19871.315877 

Star 30 red 1.98892e+30 2906.316853 73.896442 0.010169 0.000388 
Planet 5 green 5.974e+24 148632401788.483368 11375397704.788300 -3385.578339 19870.860831 

Star 30 red 1.98892e+30 2916.512748 74.286384 0.010187 0.000389 
Planet 5 green 5.974e+24 148629007275.683472 11395267881.831520 -3391.534646 19870.404973 

Star 30 red 1.98892e+30 2926.726534 74.677698 0.010205 0.000391 
Planet 5 green 5.974e+24 148625606806.444366 11415137601.795919 -3397.491041 19869.948300 

Star 30 red 1.98892e+30 2936.958211 75.070388 0.010223 0.000392 
Planet 5 green 5.974e+24 148622200380.678070 11435006863.867952 -3403.447525 19869.490815 

Star 30 red 1.98892e+30 2947.207780 75.464455 0.010241 0.000393 
Planet 5 green 5.974e+24 148618787998.296448 11454875667.234001 -3409.404096 19869.032516 

Star 30 red 1.98892e+30 2957.475241 75.859903 0.010259 0.000395 
Planet 5 green 5.974e+24 148615369659.211182 11474744011.080372 -3415.360756 19868.573403 

Star 30 red 1.98892e+30 2967.760593 76.256733 0.010276 0.000396 
Planet 5 green 5.974e+24 148611945363.333801 11494611894.593300 -3421.317503 19868.113476 

Star 30 red 1.98892e+30 2978.063838 76.654949 0.010294 0.000398 
Planet 5 green 5.974e+24 148608515110.575684 11514479316.958948 -3427.274340 19867.652736 

Star 30 red 1.98892e+30 2988.384976 77.054552 0.010312 0.000399 
Planet 5 green 5.974e+24 148605078900.848083 11534346277.363405 -3433.231265 19867.191182 

Star 30 red 1.98892e+30 2998.724006 77.455545 0.010330 0.000400 
Planet 5 green 5.974e+24 148601636734.062073 11554212774.992687 -3439.188279 19866.728813 

Star 30 red 1.98892e+30 3009.080930 77.857930 0.010348 0.000402 
Planet 5 green 5.974e+24 148598188610.128571 11574078809.032736 -3445.145382 19866.265631 

Star 30 red 1.98892e+30 3019.455747 78.261711 0.010366 0.000403 
Planet 5 green 5.974e+24 148594734528.958344 11593944378.669420 -3451.102574 19865.801635 

Star 30 red 1.98892e+30 3029.848457 78.666889 0.010384 0.000404 
Planet 5 green 5.974e+24 148591274490.462006 11613809483.088533 -3457.059856 19865.336824 

Star 30 red 1.98892e+30 3040.259062 79.073466 0.010402 0.000406 
Planet 5 green 5.974e+24 148587808494.550018 11633674121.475798 -3463.017227 19864.871200 

Star 30 red 1.98892e+30 3050.687561 79.481446 0.010420 0.000407 
Planet 5 green 5.974e+24 148584336541.132660 11653538293.016859 -3468.974687 19864.404761 

Star 30 red 1.98892e+30 3061.133954 79.890830 0.010437 0.000409 
Planet 5 green 5.974e+24 148580858630.120117 11673401996.897289 -3474.932237 19863.937507 

Star 30 red 1.98892e+30 3071.598242 80.301622 0.010455 0.000410 
Planet 5 green 5.974e+24 148577374761.422363 11693265232.302588 -3480.889878 19863.469439 

Star 30 red 1.98892e+30 3082.080425 80.713823 0.010473 0.000411 
Planet 5 green 5.974e+24 148573884934.949249 11713127998.418179 -3486.847608 19863.000557 

Star 30 red 1.98892e+30 3092.580503 81.127437 0.010491 0.000413 
Planet 5 green 5.974e+24 148570389150.610474 11732990294.429411 -3492.805429 19862.530860 

Star 30 red 1.98892e+30 3103.098477 81.542464 0.010509 0.000414 
Planet 5 green 5.974e+24 148566887408.315552 11752852119.521559 -3498.763339 19862.060348 

Star 30 red 1.98892e+30 3113.634347 81.958909 0.010527 0.000416 
Planet 5 green 5.974e+24 148563379707.973846 11772713472.879822 -3504.721341 19861.589022 

Star 30 red 1.98892e+30 3124.188112 82.376773 0.010545 0.000417 
Planet 5 green 5.974e+24 148559866049.494598 11792574353.689325 -3510.679433 19861.116880 

Star 30 red 1.98892e+30 3134.759774 82.796059 0.010563 0.000419 
Planet 5 green 5.974e+24 148556346432.786865 11812434761.135120 -3516.637616 19860.643924 

Star 30 red 1.98892e+30 3145.349333 83.216769 0.010581 0.000420 
Planet 5 green 5.974e+24 148552820857.759583 11832294694.402180 -3522.595890 19860.170153 

Star 30 red 1.98892e+30 3155.956789 83.638905 0.010599 0.000421 
Planet 5 green 5.974e+24 148549289324.321503 11852154152.675404 -3528.554255 19859.695566 

Star 30 red 1.98892e+30 3166.582142 84.062471 0.010616 0.000423 
Planet 5 green 5.974e+24 148545751832.381195 11872013135.139616 -3534.512712 19859.220165 

Star 30 red 1.98892e+30 3177.225392 84.487469 0.010634 0.000424 
Planet 5 green 5.974e+24 148542208381.847137 11891871640.979565 -3540.471260 19858.743948 

Star 30 red 1.98892e+30 3187.886540 84.913901 0.010652 0.000426 
Planet 5 green 5.974e+24 148538658972.627625 11911729669.379921 -3546.429900 19858.266916 

Star 30 red 1.98892e+30 3198.565586 85.341769 0.010670 0.000427 
Planet 5 green 5.974e+24 148535103604.630798 11931587219.525284 -3552.388631 19857.789069 

Star 30 red 1.98892e+30 3209.262531 85.771076 0.010688 0.000429 
Planet 5 green 5.974e+24 148531542277.764648 11951444290.600172 -3558.347454 19857.310406 

Star 30 red 1.98892e+30 3219.977374 86.201824 0.010706 0.000430 
Planet 5 green 5.974e+24 148527974991.936981 11971300881.789030 -3564.306370 19856.830928 

Star 30 red 1.98892e+30 3230.710116 86.634017 0.010724 0.000431 
Planet 5 green 5.974e+24 148524401747.055511 11991156992.276226 -3570.265378 19856.350634 

Star 30 red 1.98892e+30 3241.460757 87.067655 0.010742 0.000433 
Planet 5 green 5.974e+24 148520822543.027740 12011012621.246052 -3576.224478 19855.869525 

Star 30 red 1.98892e+30 3252.229297 87.502743 0.010760 0.000434 
Planet 5 green 5.974e+24 148517237379.761017 12030867767.882721 -3582.183670 19855.387599 

Star 30 red 1.98892e+30 3263.015737 87.939281 0.010777 0.000436 
Planet 5 green 5.974e+24 148513646257.162567 12050722431.370375 -3588.142956 19854.904858 

Star 30 red 1.98892e+30 3273.820077 88.377273 0.010795 0.000437 
Planet 5 green 5.974e+24 148510049175.139465 12070576610.893072 -3594.102334 19854.421301 

Star 30 red 1.98892e+30 3284.642317 88.816722 0.010813 0.000439 
Planet 5 green 5.974e+24 148506446133.598602 12090430305.634800 -3600.061805 19853.936928 

Star 30 red 1.98892e+30 3295.482458 89.257629 0.010831 0.000440 
Planet 5 green 5.974e+24 148502837132.446716 12110283514.779465 -3606.021370 19853.451739 

Star 30 red 1.98892e+30 3306.340500 89.699997 0.010849 0.000442 
Planet 5 green 5.974e+24 148499222171.590393 12130136237.510897 -3611.981027 19852.965734 

Star 30 red 1.98892e+30 3317.216443 90.143828 0.010867 0.000443 
Planet 5 green 5.974e+24 148495601250.936096 12149988473.012850 -3617.940779 19852.478913 

Star 30 red 1.98892e+30 3328.110287 90.589125 0.010885 0.000445 
Planet 5 green 5.974e+24 148491974370.390106 12169840220.468998 -3623.900624 19851.991275 

Star 30 red 1.98892e+30 3339.022032 91.035891 0.010903 0.000446 
Planet 5 green 5.974e+24 148488341529.858551 12189691479.062941 -3629.860562 19851.502821 

Star 30 red 1.98892e+30 3349.951680 91.484127 0.010921 0.000448 
Planet 5 green 5.974e+24 148484702729.247406 12209542247.978197 -3635.820595 19851.013550 

Star 30 red 1.98892e+30 3360.899230 91.933837 0.010939 0.000449 
Planet 5 green 5.974e+24 148481057968.462463 12229392526.398211 -3641.780722 19850.523464 

Star 30 red 1.98892e+30 3371.864682 92.385023 0.010957 0.000450 
Planet 5 green 5.974e+24 148477407247.409424 12249242313.506344 -3647.740943 19850.032560 

Star 30 red 1.98892e+30 3382.848038 92.837686 0.010974 0.000452 
Planet 5 green 5.974e+24 148473750565.993774 12269091608.485886 -3653.701258 19849.540840 

Star 30 red 1.98892e+30 3393.849296 93.291831 0.010992 0.000453 
Planet 5 green 5.974e+24 148470087924.120880 12288940410.520042 -3659.661668 19849.048303 

Star 30 red 1.98892e+30 3404.868457 93.747458 0.011010 0.000455 
Planet 5 green 5.974e+24 148466419321.695953 12308788718.791943 -3665.622173 19848.554949 

Star 30 red 1.98892e+30 3415.905523 94.204571 0.011028 0.000456 
Planet 5 green 5.974e+24 148462744758.624023 12328636532.484638 -3671.582772 19848.060778 

Star 30 red 1.98892e+30 3426.960492 94.663172 0.011046 0.000458 
Planet 5 green 5.974e+24 148459064234.809998 12348483850.781101 -3677.543467 19847.565790 

Star 30 red 1.98892e+30 3438.033365 95.123263 0.011064 0.000459 
Planet 5 green 5.974e+24 148455377750.158600 12368330672.864225 -3683.504257 19847.069986 

Star 30 red 1.98892e+30 3449.124143 95.584847 0.011082 0.000461 
Planet 5 green 5.974e+24 148451685304.574402 12388176997.916826 -3689.465142 19846.573364 

Star 30 red 1.98892e+30 3460.232826 96.047927 0.011100 0.000462 
Planet 5 green 5.974e+24 148447986897.961853 12408022825.121637 -3695.426122 19846.075924 

Star 30 red 1.98892e+30 3471.359413 96.512504 0.011118 0.000464 
Planet 5 green 5.974e+24 148444282530.225189 12427868153.661316 -3701.387199 19845.577668 

Star 30 red 1.98892e+30 3482.503906 96.978582 0.011136 0.000465 
Planet 5 green 5.974e+24 148440572201.268555 12447712982.718439 -3707.348371 19845.078594 

Star 30 red 1.98892e+30 3493.666305 97.446162 0.011153 0.000467 
Planet 5 green 5.974e+24 148436855910.995911 12467557311.475504 -3713.309639 19844.578703 

Star 30 red 1.98892e+30 3504.846610 97.915248 0.011171 0.000468 
Planet 5 green 5.974e+24 148433133659.311066 12487401139.114927 -3719.271003 19844.077994 

Star 30 red 1.98892e+30 3516.044821 98.385841 0.011189 0.000470 
Planet 5 green 5.974e+24 148429405446.117676 12507244464.819048 -3725.232463 19843.576467 

Star 30 red 1.98892e+30 3527.260938 98.857944 0.011207 0.000471 
Planet 5 green 5.974e+24 148425671271.319244 12527087287.770124 -3731.194020 19843.074123 

Star 30 red 1.98892e+30 3538.494962 99.331560 0.011225 0.000473 
Planet 5 green 5.974e+24 148421931134.819092 12546929607.150335 -3737.155673 19842.570961 

Star 30 red 1.98892e+30 3549.746894 99.806691 0.011243 0.000474 
Planet 5 green 5.974e+24 148418185036.520416 12566771422.141777 -3743.117424 19842.066981 

Star 30 red 1.98892e+30 3561.016732 100.283339 0.011261 0.000476 
Planet 5 green 5.974e+24 148414432976.326263 12586612731.926468 -3749.079271 19841.562184 

Star 30 red 1.98892e+30 3572.304479 100.761508 0.011279 0.000477 
Planet 5 green 5.974e+24 148410674954.139496 12606453535.686346 -3755.041215 19841.056568 

Star 30 red 1.98892e+30 3583.610133 101.241198 0.011297 0.000479 
Planet 5 green 5.974e+24 148406910969.862823 12626293832.603268 -3761.003256 19840.550134 

Star 30 red 1.98892e+30 3594.933696 101.722414 0.011315 0.000480 
Planet 5 green 5.974e+24 148403141023.398834 12646133621.859009 -3766.965395 19840.042882 

Star 30 red 1.98892e+30 3606.275167 102.205156 0.011333 0.000482 
Planet 5 green 5.974e+24 148399365114.649933 12665972902.635263 -3772.927631 19839.534811 

Star 30 red 1.98892e+30 3617.634547 102.689429 0.011350 0.000484 
Planet 5 green 5.974e+24 148395583243.518402 12685811674.113647 -3778.889965 19839.025923 

Star 30 red 1.98892e+30 3629.011836 103.175234 0.011368 0.000485 
Planet 5 green 5.974e+24 148391795409.906311 12705649935.475693 -3784.852396 19838.516216 

Star 30 red 1.98892e+30 3640.407035 103.662573 0.011386 0.000487 
Planet 5 green 5.974e+24 148388001613.715637 12725487685.902853 -3790.814926 19838.005690 

Star 30 red 1.98892e+30 3651.820143 104.151449 0.011404 0.000488 
Planet 5 green 5.974e+24 148384201854.848175 12745324924.576498 -3796.777554 19837.494346 

Star 30 red 1.98892e+30 3663.251162 104.641865 0.011422 0.000490 
Planet 5 green 5.974e+24 148380396133.205536 12765161650.677916 -3802.740280 19836.982183 

Star 30 red 1.98892e+30 3674.700090 105.133823 0.011440 0.000491 
Planet 5 green 5.974e+24 148376584448.689209 12784997863.388315 -3808.703104 19836.469201 

Star 30 red 1.98892e+30 3686.166930 105.627326 0.011458 0.000493 
Planet 5 green 5.974e+24 148372766801.200531 12804833561.888821 -3814.666027 19835.955401 

Star 30 red 1.98892e+30 3697.651680 106.122376 0.011476 0.000494 
Planet 5 green 5.974e+24 148368943190.640686 12824668745.360477 -3820.629049 19835.440781 

Star 30 red 1.98892e+30 3709.154341 106.618975 0.011494 0.000496 
Planet 5 green 5.974e+24 148365113616.910675 12844503412.984247 -3826.592170 19834.925343 

Star 30 red 1.98892e+30 3720.674914 107.117125 0.011512 0.000497 
Planet 5 green 5.974e+24 148361278079.911377 12864337563.941010 -3832.555389 19834.409085 

Star 30 red 1.98892e+30 3732.213399 107.616831 0.011530 0.000499 
Planet 5 green 5.974e+24 148357436579.543488 12884171197.411562 -3838.518708 19833.892009 

